/home/duju/cd2018-2,p3.5/bin/python3 /home/duju/animal_ai_olympics/duju_animal_ai_olympics/SAC_base/discrete_conv_dm_experiment.py
Conv_Discrete_SAC_black_and_white_32_q1_only_skip2
input channel size :  3
fc input size :  384
input channel size :  3
fc input size :  384
1	25.390329536912404 *** (4.132421970367432, 3.258674144744873)
2	23.49704668645096 *** (6.918487548828125, 7.053750514984131)
3	12.863649152959244 *** (15.220361709594727, 13.777120590209961)
4	38.14716707754375 *** (15.274690628051758, 14.728812217712402)
5	130.04021530753172 *** (24.61102294921875, 22.51546287536621)
Eval! ***  120.54268580254971
6	86.66710097162986 *** (21.848920822143555, 22.6343994140625)
7	124.39459097277845 *** (31.675325393676758, 31.612773895263672)
8	187.0990237929103 *** (48.23539733886719, 48.54594421386719)
9	156.48032279323667 *** (69.74339294433594, 67.810546875)
10	50.97501372591112 *** (45.01161193847656, 45.935882568359375)
Eval! ***  125.42561751587466
Networks Saved!
11	58.026786049863446 *** (54.81026077270508, 56.7385368347168)
12	109.52006290130997 *** (61.25174331665039, 68.38218688964844)
13	68.19298575060851 *** (101.670654296875, 98.303466796875)
14	165.38219134442787 *** (73.18576049804688, 72.27520751953125)
15	81.05575309791797 *** (40.00027084350586, 51.65000915527344)
Eval! ***  44.42742099869691
16	43.39176897029156 *** (95.80438995361328, 101.62223052978516)
17	31.015939167071675 *** (109.44607543945312, 119.53951263427734)
18	111.9819188578198 *** (117.872802734375, 116.36478424072266)
19	28.511635090877057 *** (122.62492370605469, 97.28999328613281)
20	184.20177554152824 *** (117.40338134765625, 108.726806640625)
Eval! ***  52.49149465995073
Networks Saved!
21	75.86583217641159 *** (98.98966979980469, 117.8990707397461)
22	148.3048607038499 *** (158.27276611328125, 138.17868041992188)
23	131.50621183318697 *** (158.99952697753906, 158.49649047851562)
24	98.92785730139597 *** (141.78515625, 156.86245727539062)
25	171.59826173932754 *** (137.30482482910156, 156.77793884277344)
Eval! ***  123.43504257935749
26	53.65553386549846 *** (105.64225769042969, 103.14495086669922)
27	71.80351389119984 *** (143.41502380371094, 122.33087158203125)
28	162.74093829683596 *** (113.5240478515625, 114.98234558105469)
29	180.80277223295843 *** (114.53211975097656, 115.91850280761719)
30	132.60579465413505 *** (106.70301818847656, 112.82897186279297)
Eval! ***  75.43221982320244
Networks Saved!
31	140.77784259487473 *** (100.4482421875, 103.0379638671875)
32	206.2321869264006 *** (111.36304473876953, 107.08084106445312)
33	110.85963457647199 *** (111.91988372802734, 109.77537536621094)
34	166.31841420456584 *** (107.84832000732422, 101.17034912109375)
35	22.683557015220945 *** (86.6845474243164, 88.74385833740234)
Eval! ***  72.925107434617
36	81.22862808591621 *** (108.27584075927734, 115.19877624511719)
37	21.246667663229506 *** (119.24722290039062, 116.8050537109375)
38	173.2354800716373 *** (128.75909423828125, 124.87303924560547)
39	168.5595967638557 *** (134.9193878173828, 122.49180603027344)
40	151.79868993430944 *** (128.1482391357422, 126.49627685546875)
Eval! ***  137.97745662055772
Networks Saved!
41	112.14436429113348 *** (146.65835571289062, 150.248291015625)
42	156.56802829048624 *** (163.80313110351562, 155.3368682861328)
43	155.29611183164283 *** (140.27093505859375, 140.26068115234375)
44	126.20320930862881 *** (152.2103271484375, 156.4232635498047)
45	119.91819872641182 *** (190.15481567382812, 213.0009307861328)
Eval! ***  76.351566022863
46	112.194397722116 *** (201.36279296875, 201.352294921875)
47	103.05627724200323 *** (149.29592895507812, 151.93035888671875)
48	190.99617801703363 *** (144.55091857910156, 145.55548095703125)
49	118.4352443893127 *** (159.38485717773438, 153.3615264892578)
50	64.35397013221991 *** (144.11375427246094, 152.835205078125)
Eval! ***  74.60429692931338
Networks Saved!
51	129.52690094542763 *** (140.92938232421875, 144.59849548339844)
52	53.648213397449275 *** (150.36468505859375, 153.92213439941406)
53	108.48254821469338 *** (122.02669525146484, 121.73818969726562)
54	50.99176733808285 *** (127.56040954589844, 129.24864196777344)
55	69.57092563054091 *** (130.50051879882812, 147.97976684570312)
Eval! ***  129.6460027300598
56	154.77094840825976 *** (175.21714782714844, 166.23292541503906)
57	90.3756257395721 *** (144.4718780517578, 164.00132751464844)
58	105.80153215459701 *** (162.269287109375, 157.84503173828125)
59	118.38116739129359 *** (130.4312286376953, 137.35064697265625)
60	145.0815130592483 *** (131.81063842773438, 118.9621353149414)
Eval! ***  177.82891095687762
Networks Saved!
61	192.36122091757701 *** (129.64898681640625, 138.97555541992188)
62	80.84234132873321 *** (104.91291046142578, 112.5322265625)
63	194.11506471537479 *** (143.6015625, 148.0045623779297)
64	47.96693754877474 *** (128.62930297851562, 132.61683654785156)
65	190.2613159986028 *** (125.1821060180664, 146.50363159179688)
Eval! ***  73.67163198827511
66	77.64284934514761 *** (85.7406234741211, 96.35853576660156)
67	165.35479434423362 *** (96.79830169677734, 103.36760711669922)
68	99.07065243102062 *** (123.24718475341797, 113.76008605957031)
69	71.00879355871744 *** (97.41697692871094, 100.29493713378906)
70	205.70700968093468 *** (114.35835266113281, 100.01383209228516)
Eval! ***  122.29402668408798
Networks Saved!
71	50.096696317936754 *** (95.33173370361328, 91.61991119384766)
72	109.4897540754407 *** (98.05144500732422, 101.00325012207031)
73	29.78689747380006 *** (99.95642852783203, 98.59671020507812)
74	160.3299683801805 *** (112.70638275146484, 103.52284240722656)
75	208.67328903769652 *** (95.54270935058594, 95.2169189453125)
Eval! ***  86.38953038047575
76	79.10754904648263 *** (145.42408752441406, 150.35235595703125)
77	69.10091297855905 *** (89.54375457763672, 91.8194808959961)
78	51.0958665582396 *** (88.00498962402344, 83.64920806884766)
79	125.47170592703333 *** (105.75626373291016, 99.15399169921875)
80	132.0987966708799 *** (116.91179656982422, 122.24720764160156)
Eval! ***  75.27391401917983
Networks Saved!
81	82.80903575281519 *** (156.29481506347656, 144.4388427734375)
82	120.4557024441664 *** (120.37293243408203, 125.8944320678711)
83	124.35414563974177 *** (104.99522399902344, 110.68219757080078)
84	204.39404579075867 *** (86.81497955322266, 89.82160949707031)
85	128.50698915354843 *** (87.02438354492188, 84.89604949951172)
Eval! ***  127.08938602299715
86	118.53701981562965 *** (131.6031494140625, 132.31846618652344)
87	155.00443858642822 *** (113.82298278808594, 123.6440200805664)
88	47.87625646332768 *** (115.27991485595703, 120.41304779052734)
89	166.3804773152327 *** (108.4371337890625, 108.7277603149414)
90	171.7265507001618 *** (76.92218780517578, 79.33011627197266)
Eval! ***  75.41588487342193
Networks Saved!
91	103.6211753244279 *** (81.23233032226562, 86.38267517089844)
92	68.64620001013972 *** (102.57722473144531, 99.65729522705078)
93	133.46899525411052 *** (107.61238861083984, 107.05146026611328)
94	190.5704015692173 *** (94.19448852539062, 86.3665542602539)
95	129.31646589477012 *** (99.26782989501953, 110.81837463378906)
Eval! ***  152.79035102177744
96	105.85632972424654 *** (103.71122741699219, 112.1917724609375)
97	92.1177109957408 *** (83.91625213623047, 88.6553955078125)
98	189.10917226553323 *** (108.35762023925781, 107.36483001708984)
99	114.06000557226768 *** (90.1019515991211, 93.49637603759766)
100	133.7315905618811 *** (103.39802551269531, 111.3832778930664)
Eval! ***  174.65722913902536
Networks Saved!
101	78.24012000191591 *** (106.1322250366211, 103.24032592773438)
102	52.71895502847492 *** (135.02081298828125, 132.6918487548828)
103	136.57215101960617 *** (127.11743927001953, 113.93946075439453)
104	170.02062532949074 *** (138.98495483398438, 146.51605224609375)
105	96.66965737161881 *** (133.18759155273438, 141.5166473388672)
Eval! ***  134.29186530789568
106	135.2688424027309 *** (94.24315643310547, 99.19452667236328)
107	152.64616687102267 *** (110.97313690185547, 123.20526885986328)
108	244.8305860272878 *** (133.5745849609375, 136.60739135742188)
109	59.7742037181496 *** (169.01058959960938, 154.65011596679688)
110	89.74031926321081 *** (113.00342559814453, 127.11186218261719)
Eval! ***  135.95906157573046
Networks Saved!
111	95.09793033239609 *** (121.8559341430664, 132.05364990234375)
112	69.73911188990525 *** (134.42044067382812, 124.86410522460938)
113	68.44844001095339 *** (106.29381561279297, 100.20418548583984)
114	136.73305751963048 *** (141.15245056152344, 147.51649475097656)
115	125.56942306081122 *** (100.9180679321289, 99.39529418945312)
Eval! ***  74.17668335415145
116	61.90753981562594 *** (129.42811584472656, 128.97811889648438)
117	164.98896393166416 *** (97.5052261352539, 102.47982788085938)
118	154.38642153471594 *** (106.05010986328125, 105.93199920654297)
119	146.7502030685741 *** (153.55313110351562, 147.3503875732422)
120	93.62985263271291 *** (111.27842712402344, 109.95316314697266)
Eval! ***  27.154022145702857
Networks Saved!
121	117.57424809078687 *** (126.25554656982422, 128.79058837890625)
122	119.82646274285769 *** (137.6958770751953, 147.45033264160156)
123	111.79001319492285 *** (124.52133178710938, 125.21874237060547)
124	133.37732530560717 *** (101.6600570678711, 110.14788055419922)
125	185.1478120381512 *** (148.66531372070312, 149.3252410888672)
Eval! ***  150.186156001645
126	236.8333629521192 *** (106.7414321899414, 112.29939270019531)
127	103.42791936697876 *** (160.4222412109375, 164.38548278808594)
128	86.86965619797697 *** (170.56446838378906, 181.42596435546875)
129	113.33456739121928 *** (120.54136657714844, 124.54193878173828)
130	168.7601660149631 *** (112.86091613769531, 110.2919692993164)
Eval! ***  39.815693510609535
Networks Saved!
131	159.14445641521883 *** (129.9501953125, 128.5347442626953)
132	77.52269912263945 *** (134.80490112304688, 129.86680603027344)
133	66.35852651519954 *** (164.83255004882812, 158.40829467773438)
134	73.18885678388902 *** (108.6087646484375, 111.66614532470703)
135	121.52589715493012 *** (135.89622497558594, 141.4446258544922)
Eval! ***  76.6530836654818
136	67.66653626184872 *** (127.85602569580078, 124.36238098144531)
137	62.872949913115946 *** (137.13705444335938, 148.49110412597656)
138	128.75841359789914 *** (142.0941619873047, 128.05616760253906)
139	100.14802633588924 *** (95.2090835571289, 95.07070922851562)
140	97.49746879979008 *** (121.28192138671875, 115.71509552001953)
Eval! ***  137.4466629618007
Networks Saved!
141	133.0580742697242 *** (140.70550537109375, 129.9910888671875)
142	167.78444794601452 *** (128.93040466308594, 129.00729370117188)
143	159.31815894554734 *** (164.17544555664062, 158.48312377929688)
144	114.63856888984404 *** (110.34712219238281, 107.76370239257812)
145	58.90999966053581 *** (107.86515808105469, 114.1388931274414)
Eval! ***  128.24778423907424
146	32.3243361790731 *** (146.2088623046875, 139.95814514160156)
147	139.3964152783697 *** (165.76693725585938, 177.05784606933594)
148	159.07855646538752 *** (117.03974151611328, 116.02007293701172)
149	154.21975123607956 *** (106.65968322753906, 110.95022583007812)
150	98.45870381332973 *** (127.904541015625, 120.15190887451172)
Eval! ***  75.04887941274816
Networks Saved!
151	231.51053938018927 *** (116.30699920654297, 127.62764739990234)
152	77.01291578572162 *** (173.73497009277344, 157.73989868164062)
153	155.61271687127245 *** (128.51821899414062, 133.10549926757812)
154	146.98282629135156 *** (116.81167602539062, 116.14839935302734)
155	80.00552363366566 *** (108.68126678466797, 111.2680892944336)
Eval! ***  75.12260821331189
156	114.26874925810172 *** (111.74247741699219, 106.68927001953125)
157	106.72699537624601 *** (110.6658706665039, 129.83409118652344)
158	150.92155074770758 *** (94.9403076171875, 91.42578887939453)
159	129.64004305347007 *** (116.89156341552734, 117.62186431884766)
160	67.14325773656017 *** (88.07383728027344, 94.33696746826172)
Eval! ***  75.79104173609778
Networks Saved!
161	108.54045540099624 *** (137.13050842285156, 148.55880737304688)
162	95.10434037673492 *** (101.64354705810547, 97.65812683105469)
163	176.89642586166323 *** (112.55677032470703, 123.0351333618164)
164	114.5627536860277 *** (114.12667846679688, 129.22332763671875)
165	95.97905790573441 *** (114.5714111328125, 117.7091064453125)
Eval! ***  74.7743701805882
166	131.46611113342033 *** (109.65830993652344, 112.64109802246094)
167	130.30686577979998 *** (108.46546173095703, 105.00679779052734)
168	83.4805916415446 *** (100.71672058105469, 100.76216888427734)
169	146.28899640745306 *** (119.5255126953125, 124.46280670166016)
170	74.2525882262279 *** (119.6864013671875, 115.24372100830078)
Eval! ***  74.17151863148561
Networks Saved!
171	114.80514290961145 *** (99.86851501464844, 106.14469146728516)
172	77.21441682181499 *** (124.13452911376953, 119.71731567382812)
173	67.92739781426198 *** (110.75080108642578, 108.23065948486328)
174	83.33205398704042 *** (117.81806945800781, 114.69532012939453)
175	185.57217942135932 *** (104.30040740966797, 101.635986328125)
Eval! ***  76.11483238370525
176	71.13956832016439 *** (125.40138244628906, 127.49169158935547)
177	106.20055705787958 *** (119.9703369140625, 116.82461547851562)
178	178.4045013208189 *** (120.84387969970703, 118.40928649902344)
179	127.29829787864756 *** (106.7894287109375, 108.15084075927734)
180	114.6469350788281 *** (116.33433532714844, 122.9922103881836)
Eval! ***  73.04716755014785
Networks Saved!
181	158.1835688788525 *** (121.15847778320312, 123.9122085571289)
182	72.46340121353003 *** (123.05232238769531, 110.03682708740234)
183	65.79064880533495 *** (118.37152099609375, 115.54862976074219)
184	168.68306451569424 *** (135.18490600585938, 138.4718780517578)
185	122.49258511963535 *** (121.05667114257812, 119.79985046386719)
Eval! ***  140.5374048510258
186	155.845368836369 *** (155.63502502441406, 135.43222045898438)
187	65.33271827837845 *** (131.21812438964844, 133.04469299316406)
188	156.53141598420947 *** (117.68761444091797, 113.57408142089844)
189	124.91733979199732 *** (130.2876739501953, 133.50267028808594)
190	128.74613194179574 *** (144.75563049316406, 135.41490173339844)
Eval! ***  76.98971423109928
Networks Saved!
191	79.42702008230007 *** (127.9095230102539, 125.97055053710938)
192	77.86333527862332 *** (109.91409301757812, 109.98603820800781)
193	169.33539305330842 *** (128.97535705566406, 133.28500366210938)
194	82.78532788613518 *** (128.1859130859375, 126.10640716552734)
195	155.16682255331486 *** (125.46272277832031, 119.96488189697266)
Eval! ***  137.7350450281942
196	138.15264365673661 *** (113.9300308227539, 107.1456527709961)
197	64.22030539386326 *** (115.40001678466797, 127.71501922607422)
198	159.21498738634182 *** (137.86126708984375, 141.30812072753906)
199	135.22424044967084 *** (115.57868194580078, 113.1229248046875)
200	196.2083578999172 *** (103.95592498779297, 108.48268127441406)
Eval! ***  147.97411097621747
Networks Saved!
201	143.09985323960228 *** (116.43043518066406, 122.09602355957031)
202	155.43451305296347 *** (112.15704345703125, 113.91184997558594)
203	135.91734260557033 *** (112.00861358642578, 113.27790069580078)
204	85.83532408438607 *** (117.41631317138672, 120.58832550048828)
205	178.45964323943292 *** (122.23100280761719, 108.68863677978516)
Eval! ***  217.89355499395867
206	143.40078113787717 *** (119.15638732910156, 119.77754211425781)
207	84.65646982253661 *** (129.53121948242188, 125.62293243408203)
208	96.14680320379081 *** (95.85336303710938, 97.01676940917969)
209	154.79742046578244 *** (184.4096221923828, 184.65196228027344)
210	107.77619694551728 *** (119.90980529785156, 122.618408203125)
Eval! ***  73.35184057038485
Networks Saved!
211	136.10824938555317 *** (124.3154067993164, 124.27547454833984)
212	66.06972763402847 *** (138.51882934570312, 135.4046630859375)
213	145.69428863743587 *** (145.66184997558594, 138.1549072265625)
214	175.26147532864545 *** (158.8383331298828, 158.30938720703125)
215	149.43999154639795 *** (118.69148254394531, 116.39897155761719)
Eval! ***  166.29016071615473
216	199.4536865793236 *** (141.28187561035156, 143.4119873046875)
217	141.947749151389 *** (125.4031753540039, 125.60164642333984)
218	82.3264678713701 *** (125.52210998535156, 123.55756378173828)
219	183.32220250284917 *** (147.57464599609375, 133.59092712402344)
220	69.7643938277092 *** (137.37380981445312, 142.17042541503906)
Eval! ***  120.09139595549286
Networks Saved!
221	162.06970691586653 *** (132.5088348388672, 131.0340576171875)
222	89.91397967080302 *** (126.96843719482422, 134.55282592773438)
223	137.63178095897976 *** (114.20136260986328, 101.73265838623047)
224	176.44268465112177 *** (131.48092651367188, 137.72557067871094)
225	173.83635939703652 *** (124.88163757324219, 125.68843841552734)
Eval! ***  151.2271533320159
226	154.23867781964904 *** (101.82012176513672, 101.76468658447266)
227	172.0363786869496 *** (137.41818237304688, 132.55841064453125)
228	170.5038075591061 *** (113.43485260009766, 109.33844757080078)
229	152.59909854213365 *** (128.08888244628906, 132.3206329345703)
230	169.36650314323575 *** (118.35002899169922, 132.36447143554688)
Eval! ***  112.36554487442885
Networks Saved!
231	150.77214161235227 *** (113.11201477050781, 136.22523498535156)
232	149.55948074674757 *** (137.65390014648438, 153.91610717773438)
233	150.65983205129908 *** (128.1375732421875, 127.76429748535156)
234	170.609400993736 *** (136.43890380859375, 131.72979736328125)
235	228.17627122883837 *** (118.47362518310547, 122.67967224121094)
Eval! ***  224.62314174088652
236	215.72234290996647 *** (106.70480346679688, 107.94772338867188)
237	268.6937031762016 *** (117.17862701416016, 116.07606506347656)
238	157.0637154103067 *** (124.31672668457031, 118.57147979736328)
239	156.65569514767512 *** (122.61316680908203, 120.96334838867188)
240	127.63664522327785 *** (118.44391632080078, 122.86734771728516)
Eval! ***  74.98214070317752
Networks Saved!
241	71.21024640003913 *** (126.5991439819336, 131.68101501464844)
242	93.16376665558307 *** (134.03680419921875, 134.5550537109375)
243	135.80974598531543 *** (135.66758728027344, 132.83154296875)
244	203.05919515329308 *** (143.85154724121094, 131.4707794189453)
245	194.46983485267558 *** (111.11082458496094, 112.17609405517578)
Eval! ***  258.01876778273447
246	174.253543599979 *** (146.6621551513672, 134.2178955078125)
247	143.49381249773225 *** (140.5346221923828, 130.56614685058594)
248	182.8349891715865 *** (117.44506072998047, 124.31477355957031)
249	152.99878101227128 *** (133.8326873779297, 134.83612060546875)
250	161.04898267214529 *** (149.6031951904297, 153.89776611328125)
Eval! ***  74.10929872392501
Networks Saved!
251	170.89341217470587 *** (116.72599029541016, 112.63088989257812)
252	160.25548282142452 *** (111.385498046875, 118.47650909423828)
253	199.02345384122177 *** (135.69920349121094, 136.1109161376953)
254	168.29687840330095 *** (124.05365753173828, 122.62664794921875)
255	248.14105711271802 *** (127.11988830566406, 124.51080322265625)
Eval! ***  145.76094540733195
256	161.0152863275133 *** (110.7342300415039, 111.67987060546875)
257	143.1102587504323 *** (144.2097625732422, 157.0647430419922)
258	160.33059488503181 *** (143.60484313964844, 134.1018524169922)
259	148.30425085906276 *** (140.64122009277344, 125.18762969970703)
260	138.79760512245358 *** (121.88701629638672, 120.65460205078125)
Eval! ***  88.48481463706705
Networks Saved!
261	174.69850321460532 *** (153.90000915527344, 155.4945068359375)
262	158.26585478491216 *** (113.47550201416016, 122.57775115966797)
263	90.26463788044506 *** (131.7056121826172, 133.8948516845703)
264	175.6395895228675 *** (126.37056732177734, 122.09893798828125)
265	180.51238163668074 *** (120.72376251220703, 121.83431243896484)
Eval! ***  76.06337031887638
266	135.00662934487966 *** (128.646240234375, 143.8155517578125)
267	83.54628331778898 *** (126.8954849243164, 114.88948822021484)
268	165.3252344194548 *** (132.97830200195312, 134.3938751220703)
269	112.34103796601798 *** (133.51846313476562, 139.52291870117188)
270	138.57053596787523 *** (136.35400390625, 147.62948608398438)
Eval! ***  102.02971246931325
Networks Saved!
271	181.81007129687893 *** (130.45986938476562, 116.99797821044922)
272	162.17656853910606 *** (130.10723876953125, 141.23683166503906)
273	212.9804769578858 *** (153.81558227539062, 147.69984436035156)
274	242.51304772846515 *** (110.76776885986328, 112.84204864501953)
275	127.93184882077244 *** (159.08006286621094, 144.88226318359375)
Eval! ***  149.17704360384067
276	142.73621587182762 *** (129.96463012695312, 125.27446746826172)
277	173.58664764337445 *** (136.1728057861328, 144.08653259277344)
278	172.45369801966757 *** (134.0338592529297, 133.7748565673828)
279	107.92143865021822 *** (149.64056396484375, 146.10946655273438)
280	117.68903434802358 *** (150.114990234375, 143.5985565185547)
Eval! ***  75.48522551319556
Networks Saved!
281	86.10303122427622 *** (162.8929901123047, 159.3707275390625)
282	161.81231343724403 *** (146.02049255371094, 150.12881469726562)
283	153.4886434631919 *** (115.13677215576172, 131.32106018066406)
284	224.7142595613401 *** (133.00559997558594, 129.972412109375)
285	121.40991312815135 *** (160.34779357910156, 157.7327880859375)
Eval! ***  74.77845289766557
286	77.74091754766307 *** (147.82601928710938, 147.3339080810547)
287	164.71673922509342 *** (144.02947998046875, 149.64956665039062)
288	145.44964023189806 *** (153.3656768798828, 162.67791748046875)
289	208.4605539410864 *** (144.01095581054688, 151.88760375976562)
290	148.01746641549727 *** (166.33547973632812, 159.92584228515625)
Eval! ***  181.62198457334128
Networks Saved!
291	125.46607699251467 *** (159.9434814453125, 167.25323486328125)
292	174.1017274742445 *** (165.97621154785156, 151.814697265625)
293	191.05398834779368 *** (141.50099182128906, 140.25115966796875)
294	141.75331768648292 *** (157.18377685546875, 159.85140991210938)
295	193.0641555104518 *** (133.7039794921875, 130.73707580566406)
Eval! ***  171.24917612679036
296	160.46907653452217 *** (163.1631622314453, 155.0146484375)
297	101.5999792631166 *** (193.9315948486328, 192.02842712402344)
298	184.29961353167278 *** (165.80029296875, 166.6947021484375)
299	200.90138562714674 *** (160.00440979003906, 145.82427978515625)
300	156.79071870402748 *** (143.9796905517578, 142.74502563476562)
Eval! ***  73.13012974023877
Networks Saved!
301	91.53185670625795 *** (151.94210815429688, 171.99606323242188)
302	139.65184065096955 *** (154.8129119873047, 151.14498901367188)
303	131.0128622986404 *** (142.24127197265625, 144.89646911621094)
304	147.51306674623277 *** (157.07235717773438, 170.24801635742188)
305	136.10681657861386 *** (170.61669921875, 169.26553344726562)
Eval! ***  75.67385295690542
306	195.20684894938233 *** (157.34788513183594, 161.3058624267578)
307	128.24830626246225 *** (153.3260955810547, 159.89047241210938)
308	189.37339090065726 *** (168.73321533203125, 166.2203369140625)
309	77.52829796954526 *** (160.1266326904297, 161.27529907226562)
310	133.53323506289578 *** (134.06741333007812, 132.48464965820312)
Eval! ***  123.87684964408945
Networks Saved!
311	220.3641623159882 *** (178.71861267089844, 175.634765625)
312	141.3784209818682 *** (167.5891571044922, 159.9732666015625)
313	162.2232094377545 *** (161.43858337402344, 161.38467407226562)
314	150.5205927884191 *** (161.65118408203125, 161.5391387939453)
315	172.0814012406716 *** (168.1023406982422, 166.1572265625)
Eval! ***  145.77068770023627
316	195.31624354897048 *** (145.9622039794922, 140.72080993652344)
317	192.82186540784568 *** (151.90133666992188, 144.91246032714844)
318	209.85818241213587 *** (176.1475067138672, 168.00119018554688)
319	200.0953733417287 *** (150.4730224609375, 153.10427856445312)
320	122.5262803663177 *** (162.64163208007812, 168.158935546875)
Eval! ***  88.85887381975056
Networks Saved!
321	160.62664122592017 *** (151.7404327392578, 156.4366912841797)
322	194.10221996416428 *** (167.4697723388672, 167.87713623046875)
323	152.76675451202004 *** (166.23187255859375, 161.57945251464844)
324	150.11769531998695 *** (143.78897094726562, 145.9762725830078)
325	230.15856200237047 *** (165.7240447998047, 169.53831481933594)
Eval! ***  172.02284431466742
326	183.960107789221 *** (182.7544708251953, 180.54251098632812)
327	219.91687372148232 *** (202.2869110107422, 191.98475646972656)
328	160.22390028337048 *** (168.87899780273438, 174.8678436279297)
329	185.5977259906432 *** (182.55624389648438, 177.7096710205078)
330	184.42860415530987 *** (160.42572021484375, 158.8202667236328)
Eval! ***  133.64019850638115
Networks Saved!
331	212.8270675916232 *** (178.590576171875, 183.77755737304688)
332	141.78172701477135 *** (176.6562957763672, 167.34469604492188)
333	198.39455400215192 *** (221.02896118164062, 224.5985107421875)
334	149.4808870055426 *** (196.2891845703125, 198.6169891357422)
335	148.05918547501693 *** (157.5662841796875, 157.59420776367188)
Eval! ***  178.09548575778464
336	152.12485846809196 *** (169.13134765625, 163.527587890625)
337	305.44262375976103 *** (173.33335876464844, 182.33151245117188)
338	231.86003050153928 *** (154.15850830078125, 153.11346435546875)
339	156.534427660778 *** (163.51979064941406, 169.85079956054688)
340	161.58492054980627 *** (133.73558044433594, 135.11297607421875)
Eval! ***  101.87482183116474
Networks Saved!
341	203.80572079132298 *** (164.10595703125, 170.43753051757812)
342	177.31541116959494 *** (184.54296875, 187.2300567626953)
343	202.42410225002916 *** (176.66714477539062, 170.6122589111328)
344	103.24848063203257 *** (160.69967651367188, 170.77845764160156)
345	162.57906748197274 *** (168.3730010986328, 169.26036071777344)
Eval! ***  188.05405007705073
346	224.6126151053291 *** (175.9618682861328, 167.19015502929688)
347	160.3739259910906 *** (170.9738006591797, 171.79449462890625)
348	176.9774210447934 *** (157.41371154785156, 154.80384826660156)
349	214.80579351582674 *** (154.52403259277344, 157.3268280029297)
350	161.78513757942258 *** (157.0636444091797, 159.507080078125)
Eval! ***  135.09109443914406
Networks Saved!
351	175.92954124882172 *** (167.25503540039062, 167.87843322753906)
352	117.66259329586826 *** (167.80477905273438, 177.03807067871094)
353	160.59836986073705 *** (203.0319061279297, 201.8828125)
354	179.72857567814418 *** (183.48780822753906, 186.29762268066406)
355	130.02929528807599 *** (181.29052734375, 170.52679443359375)
Eval! ***  121.70759542389749
356	175.09282299862437 *** (169.0885772705078, 163.8225555419922)
357	98.97663652836368 *** (176.58592224121094, 190.19842529296875)
358	202.7558424986005 *** (185.18348693847656, 178.81472778320312)
359	131.48630290311323 *** (190.37413024902344, 191.36485290527344)
360	224.13809015147837 *** (193.30223083496094, 188.08230590820312)
Eval! ***  194.80001254943033
Networks Saved!
361	191.85770295854374 *** (180.56956481933594, 176.50901794433594)
362	88.66788247488842 *** (185.532470703125, 196.7106170654297)
363	184.94400385849468 *** (171.0899200439453, 178.1116485595703)
364	145.23182186240126 *** (165.39683532714844, 162.89279174804688)
365	175.8027764216735 *** (152.40557861328125, 158.0356903076172)
Eval! ***  132.22468802778275
366	153.92879158175242 *** (160.28067016601562, 155.14002990722656)
367	179.04370043461128 *** (160.13978576660156, 164.3396759033203)
368	139.1823775575349 *** (189.3400115966797, 177.46664428710938)
369	169.35085842339612 *** (182.9661865234375, 184.336669921875)
370	88.80455284700182 *** (164.15353393554688, 161.0136260986328)
Eval! ***  146.81714271134592
Networks Saved!
371	213.89111635121006 *** (199.6378173828125, 210.09083557128906)
372	69.49601699966422 *** (180.2066192626953, 184.31094360351562)
373	130.87080782425863 *** (186.368408203125, 188.51315307617188)
374	200.51697622277985 *** (184.19793701171875, 185.8721160888672)
375	177.97814898404286 *** (181.57034301757812, 174.23793029785156)
Eval! ***  172.44694071059908
376	198.5020177985762 *** (157.7989501953125, 159.79112243652344)
377	192.66157352088152 *** (169.05520629882812, 159.87033081054688)
378	163.0656164545591 *** (170.00494384765625, 176.5380401611328)
379	144.2368381069342 *** (174.516357421875, 179.7265625)
380	214.34218204808866 *** (160.30516052246094, 159.30984497070312)
Eval! ***  174.75683026671936
Networks Saved!
381	191.35206166501857 *** (153.25364685058594, 159.58677673339844)
382	148.74751165058913 *** (157.8656463623047, 156.65992736816406)
383	88.28471169296097 *** (171.2274932861328, 180.03404235839844)
384	225.81167538624612 *** (177.10531616210938, 175.24490356445312)
385	180.40961740903634 *** (167.93405151367188, 165.34681701660156)
Eval! ***  134.65452935117494
386	127.3886623002372 *** (185.10975646972656, 193.52767944335938)
387	67.10694051920365 *** (186.72300720214844, 198.15121459960938)
388	83.73036501000958 *** (177.6242218017578, 190.1146697998047)
389	170.87980718957346 *** (190.90406799316406, 184.98118591308594)
390	171.06247103720378 *** (201.01171875, 193.39601135253906)
Eval! ***  143.5792292809085
Networks Saved!
391	141.4364100571091 *** (186.99029541015625, 191.20166015625)
392	125.7981563198093 *** (197.80369567871094, 205.77503967285156)
393	199.45112721783616 *** (174.55209350585938, 178.608642578125)
394	170.01324644945288 *** (187.2044677734375, 189.9337921142578)
395	125.7843565871966 *** (179.9109649658203, 178.79273986816406)
Eval! ***  101.23293348773075
396	203.0257195102797 *** (184.44117736816406, 188.68666076660156)
397	161.5108808172574 *** (203.5370635986328, 204.19371032714844)
398	125.05043266054938 *** (186.61770629882812, 186.8703155517578)
399	124.06813804551719 *** (181.88609313964844, 182.5728302001953)
400	66.9352450724189 *** (181.68846130371094, 186.02493286132812)
Eval! ***  182.03349286183447
Networks Saved!
401	216.43689864530728 *** (173.40492248535156, 158.3499298095703)
402	147.35773382793397 *** (192.65892028808594, 193.5811767578125)
403	140.29262436691198 *** (159.7177734375, 164.03985595703125)
404	106.42246512116081 *** (196.39891052246094, 196.4856414794922)
405	140.29664096769025 *** (208.32640075683594, 222.88446044921875)
Eval! ***  178.63818337204913
406	180.38472735386944 *** (222.88787841796875, 213.63023376464844)
407	142.07141724706617 *** (188.3612518310547, 204.70741271972656)
408	161.39328451843033 *** (208.3446807861328, 220.26510620117188)
409	183.51713231276466 *** (212.58609008789062, 211.97938537597656)
410	52.367884170606544 *** (173.72032165527344, 177.3109130859375)
Eval! ***  166.80966057065987
Networks Saved!
411	198.87132887863103 *** (193.7293243408203, 191.44590759277344)
412	153.7168672654643 *** (174.98167419433594, 185.53359985351562)
413	158.0106145764602 *** (211.916259765625, 225.9391326904297)
414	204.29465390171976 *** (192.06900024414062, 203.7372589111328)
415	125.43584912792332 *** (197.8642578125, 200.2113800048828)
Eval! ***  75.3762196584252
416	81.3744692552549 *** (176.63011169433594, 166.87669372558594)
417	117.49805222350068 *** (202.4526824951172, 213.8055419921875)
418	70.14365301218984 *** (195.72274780273438, 199.16000366210938)
419	176.73219551714664 *** (160.97305297851562, 176.23764038085938)
420	70.07626227904731 *** (165.71554565429688, 175.3848114013672)
Eval! ***  234.47838322654374
Networks Saved!
421	175.37603313262554 *** (181.6363067626953, 181.6161346435547)
422	151.73682031626203 *** (211.91322326660156, 196.36500549316406)
423	194.1241475153107 *** (210.21995544433594, 205.53338623046875)
424	152.29393402090727 *** (222.5489044189453, 224.52362060546875)
425	111.57787491821853 *** (183.4060516357422, 182.40591430664062)
Eval! ***  196.61980713763762
426	170.75440319502502 *** (191.04156494140625, 186.62643432617188)
427	118.2213379784259 *** (197.93125915527344, 186.08058166503906)
428	75.42733348799405 *** (190.4231719970703, 177.13229370117188)
429	172.5766910582415 *** (192.3895263671875, 191.9546661376953)
430	166.5470666487805 *** (184.61053466796875, 188.69091796875)
Eval! ***  218.1677751669488
Networks Saved!
431	163.49129001241764 *** (214.5546875, 212.0218963623047)
432	197.46560920468787 *** (171.985107421875, 174.4954833984375)
433	146.13751006073403 *** (176.97264099121094, 177.17507934570312)
434	126.35390087109377 *** (203.2943115234375, 197.45559692382812)
435	184.6573717626734 *** (168.6728515625, 170.33863830566406)
Eval! ***  121.44782472489486
436	163.8331179376807 *** (161.65093994140625, 176.9450225830078)
437	177.2369319123367 *** (157.52178955078125, 154.3619384765625)
438	181.1120009505604 *** (170.29830932617188, 164.57025146484375)
439	149.0710631637742 *** (174.95361328125, 167.60702514648438)
440	69.69362917182417 *** (175.9066162109375, 167.3181610107422)
Eval! ***  122.15206376993946
Networks Saved!
441	119.89283360660494 *** (175.36790466308594, 179.13893127441406)
442	173.1300961068437 *** (176.60513305664062, 186.90150451660156)
443	166.10767756551033 *** (181.19119262695312, 174.1015167236328)
444	192.98416889983918 *** (167.3603057861328, 161.39332580566406)
445	157.41069329975267 *** (167.99652099609375, 173.44406127929688)
Eval! ***  201.51798381386874
446	165.89390498624283 *** (171.84841918945312, 174.90692138671875)
447	188.37404220099504 *** (193.06661987304688, 198.4532012939453)
448	140.60720320191282 *** (178.56045532226562, 186.62368774414062)
449	145.01323387235195 *** (164.1556854248047, 170.4072265625)
450	181.48273388136244 *** (179.7510986328125, 181.59324645996094)
Eval! ***  122.22562818837706
Networks Saved!
451	220.78090323305807 *** (189.26119995117188, 198.58242797851562)
452	179.27795039483547 *** (181.1977081298828, 186.13059997558594)
453	77.47247793355943 *** (178.42218017578125, 175.2815399169922)
454	179.2318880865736 *** (194.9270782470703, 195.9895477294922)
455	120.1941194813703 *** (195.84722900390625, 195.1660614013672)
Eval! ***  99.28767139701766
456	153.034047601885 *** (174.8626708984375, 176.16270446777344)
457	140.0906465417505 *** (193.259033203125, 188.2704315185547)
458	119.12099289719083 *** (174.29940795898438, 172.93312072753906)
459	192.88927318109833 *** (183.55201721191406, 183.26849365234375)
460	201.19112737887977 *** (153.70953369140625, 137.2288055419922)
Eval! ***  155.3797828274481
Networks Saved!
461	159.66563441158814 *** (185.99005126953125, 163.7516326904297)
462	122.55500941251846 *** (191.562255859375, 193.88552856445312)
463	230.24630701162863 *** (193.7620849609375, 197.1278533935547)
464	163.69019068217773 *** (185.11663818359375, 174.3115234375)
465	146.36246597859267 *** (193.13668823242188, 187.461181640625)
Eval! ***  74.38941822492525
466	145.61629259517167 *** (234.97348022460938, 221.9423065185547)
467	270.2871083472434 *** (211.4551544189453, 197.7462921142578)
468	235.88827596102377 *** (185.3146209716797, 187.88999938964844)
469	161.88067772275332 *** (167.2550048828125, 158.6776885986328)
470	169.92811033482087 *** (154.8633270263672, 148.67491149902344)
Eval! ***  178.60073391109896
Networks Saved!
471	236.50611874198842 *** (174.058349609375, 176.17127990722656)
472	204.84367021052648 *** (170.05189514160156, 176.44577026367188)
473	173.95909386902764 *** (213.06234741210938, 188.12625122070312)
474	200.08446740945237 *** (177.033935546875, 183.87364196777344)
475	151.7977186113476 *** (144.18199157714844, 154.65380859375)
Eval! ***  191.4776460776993
476	135.3060775452986 *** (195.12631225585938, 180.96441650390625)
477	209.92452477610573 *** (153.5070037841797, 156.12010192871094)
478	121.94620747719692 *** (171.71499633789062, 173.84095764160156)
479	175.6723810868716 *** (161.38604736328125, 161.39230346679688)
480	215.650576487965 *** (192.70066833496094, 192.64515686035156)
Eval! ***  118.7834656810285
Networks Saved!
481	182.0530250262786 *** (156.4057159423828, 154.31817626953125)
482	163.6689099413884 *** (179.8970184326172, 172.98013305664062)
483	199.04840788044874 *** (172.974609375, 177.981201171875)
484	201.26251707555335 *** (177.4007568359375, 171.9404754638672)
485	153.7814085611063 *** (157.48724365234375, 141.14657592773438)
Eval! ***  128.211961766441
486	163.8860622221526 *** (155.05148315429688, 146.49266052246094)
487	197.63077661528135 *** (143.87380981445312, 158.69789123535156)
488	147.4920854927708 *** (151.62034606933594, 153.93873596191406)
489	136.68953292202985 *** (164.43406677246094, 166.2623748779297)
490	164.91701648155774 *** (157.4308319091797, 172.15335083007812)
Eval! ***  169.90502829728678
Networks Saved!
491	191.91164689239298 *** (171.10333251953125, 173.46524047851562)
492	99.46528882484708 *** (168.0849151611328, 156.6151580810547)
493	149.93885033203537 *** (161.00430297851562, 162.6992950439453)
494	190.32551081457848 *** (159.33517456054688, 159.1757354736328)
495	148.42127547541025 *** (155.90711975097656, 156.77978515625)
Eval! ***  203.06390583601288
496	179.46333306942802 *** (189.18955993652344, 192.2186279296875)
497	158.87386658798943 *** (147.55322265625, 150.60572814941406)
498	199.87299665930854 *** (169.55804443359375, 157.18785095214844)
499	154.7983745502416 *** (168.39443969726562, 158.66656494140625)
500	188.9895088357323 *** (163.87721252441406, 163.27694702148438)
Eval! ***  147.73091170421978
Networks Saved!
501	181.0500200793419 *** (145.8055877685547, 147.20689392089844)
502	161.37745540277828 *** (148.7254638671875, 160.36341857910156)
503	125.68604538474304 *** (162.6890411376953, 156.05288696289062)
504	208.59431247824983 *** (191.52313232421875, 186.81373596191406)
505	125.40807468598607 *** (134.08522033691406, 142.8893585205078)
Eval! ***  171.30496604222833
506	152.11046184012665 *** (158.67982482910156, 162.7909393310547)
507	176.89758395495892 *** (153.55126953125, 158.5045928955078)
508	146.93177960259388 *** (168.08984375, 175.1649169921875)
509	130.69982838692022 *** (170.02169799804688, 159.85220336914062)
510	208.16991156029795 *** (158.2006378173828, 158.661376953125)
Eval! ***  277.3519305612076
Networks Saved!
511	238.18098106674557 *** (140.15505981445312, 142.7279052734375)
512	169.34136925558724 *** (169.72061157226562, 165.8273162841797)
513	160.50585783848436 *** (188.6715087890625, 181.6636505126953)
514	209.5600542101821 *** (165.2542266845703, 157.33111572265625)
515	152.17510100328178 *** (157.55899047851562, 154.89376831054688)
Eval! ***  139.04430241684116
516	172.70700481994592 *** (163.61068725585938, 158.43153381347656)
517	132.46717587549202 *** (180.61778259277344, 179.82656860351562)
518	176.0653097142825 *** (149.03001403808594, 147.330810546875)
519	122.55316732521732 *** (154.16238403320312, 153.20068359375)
520	196.9368021909534 *** (157.96080017089844, 161.1275177001953)
Eval! ***  202.95077608355925
Networks Saved!
521	187.95558171730892 *** (160.9043731689453, 174.30615234375)
522	158.72055152386952 *** (159.1182861328125, 164.4595947265625)
523	159.86790341278086 *** (171.1981658935547, 174.62026977539062)
524	225.4150282984472 *** (149.71653747558594, 146.47360229492188)
525	216.42064444124452 *** (160.44625854492188, 153.2073974609375)
Eval! ***  133.0932825337064
526	204.29042721471524 *** (162.74359130859375, 152.7048797607422)
527	150.58353295358756 *** (129.2531280517578, 138.5058135986328)
528	205.10048680697375 *** (186.1357421875, 180.86569213867188)
529	173.15828120244774 *** (131.3258514404297, 136.16636657714844)
530	184.26056937579224 *** (143.8782196044922, 148.7389373779297)
Eval! ***  205.02527348494706
Networks Saved!
531	187.96515687682378 *** (169.3130645751953, 171.09359741210938)
532	162.51993469133234 *** (162.29266357421875, 162.28514099121094)
533	137.30471732957935 *** (174.87269592285156, 179.74542236328125)
534	195.18584370294383 *** (156.08892822265625, 160.90594482421875)
535	153.2806589706658 *** (160.45132446289062, 164.47451782226562)
Eval! ***  189.67644595662517
536	154.03155476502747 *** (166.01234436035156, 162.3385467529297)
537	231.63818504145047 *** (157.84999084472656, 165.1942596435547)
538	127.86461425863797 *** (128.47052001953125, 133.17958068847656)
539	216.80287599682765 *** (145.56358337402344, 142.9169158935547)
540	155.7938493931573 *** (176.61050415039062, 174.36814880371094)
Eval! ***  118.48100723146567
Networks Saved!
541	225.377718391513 *** (156.2960662841797, 149.4493408203125)
542	197.96443882500958 *** (149.19664001464844, 150.09683227539062)
543	158.0875272300781 *** (165.29656982421875, 156.61631774902344)
544	169.70248159779013 *** (152.1294403076172, 159.7759552001953)
545	172.69473531748747 *** (133.50875854492188, 139.87994384765625)
Eval! ***  167.291147720345
546	203.44216128661617 *** (166.0091552734375, 173.92019653320312)
547	160.57296106650784 *** (149.95468139648438, 163.88186645507812)
548	169.95589791411695 *** (183.5825958251953, 181.47134399414062)
549	171.34208616401634 *** (154.27212524414062, 165.01708984375)
550	169.80246239976546 *** (142.30099487304688, 152.6990966796875)
Eval! ***  245.33106429698185
Networks Saved!
551	238.58658715304287 *** (149.24720764160156, 154.74192810058594)
552	200.2330048649394 *** (145.55296325683594, 151.16773986816406)
553	146.60963315365476 *** (191.2477264404297, 186.2161865234375)
554	267.6938533651054 *** (172.46978759765625, 177.52529907226562)
555	225.84230157396328 *** (181.20401000976562, 187.3240509033203)
Eval! ***  198.34289575716411
556	153.77010802414125 *** (169.73521423339844, 165.9927978515625)
557	184.021001895935 *** (173.1021270751953, 173.0745086669922)
558	219.3882470866027 *** (160.52565002441406, 152.32252502441406)
559	214.6577757826016 *** (176.5504150390625, 177.42503356933594)
560	170.23896983038273 *** (154.54701232910156, 156.65013122558594)
Eval! ***  149.3783153741961
Networks Saved!
561	111.39739639371527 *** (138.6684112548828, 140.24203491210938)
562	176.77154484033704 *** (139.01519775390625, 137.19239807128906)
563	219.38519750250472 *** (147.0041046142578, 144.03675842285156)
564	193.7237463805392 *** (178.17710876464844, 180.03671264648438)
565	153.51976343569245 *** (145.9076385498047, 152.7425994873047)
Eval! ***  164.50902826447322
566	169.03645811482443 *** (168.0677947998047, 167.3337860107422)
567	206.2554780478448 *** (183.91470336914062, 187.3634033203125)
568	138.6066333706531 *** (139.51097106933594, 137.31744384765625)
569	203.53990444312905 *** (189.55386352539062, 189.87489318847656)
570	179.38367596498784 *** (154.85740661621094, 153.4488983154297)
Eval! ***  272.18380582089185
Networks Saved!
571	257.6581147629768 *** (161.64785766601562, 158.4807586669922)
572	171.91697276394245 *** (149.43936157226562, 149.255615234375)
573	214.14718452310603 *** (153.11683654785156, 150.09930419921875)
574	159.93711707004266 *** (170.69552612304688, 165.44622802734375)
575	206.68957569509624 *** (176.61444091796875, 176.45486450195312)
Eval! ***  179.10207865136098
576	162.62588694718545 *** (169.17457580566406, 172.30760192871094)
577	162.69887540821597 *** (159.44691467285156, 156.15176391601562)
578	149.00259883826612 *** (178.17198181152344, 186.7238311767578)
579	141.97772623650485 *** (180.18174743652344, 175.90957641601562)
580	210.04258036280328 *** (158.59828186035156, 168.387451171875)
Eval! ***  159.7577839548532
Networks Saved!
581	195.20858215917167 *** (153.94322204589844, 146.5165252685547)
582	196.65372915996207 *** (137.41744995117188, 154.23599243164062)
583	156.48443541127122 *** (152.80274963378906, 156.0134735107422)
584	180.98828119790272 *** (176.80665588378906, 178.5936279296875)
585	170.9916269009758 *** (177.3918914794922, 176.1783905029297)
Eval! ***  199.04466742844713
586	181.10851596690068 *** (145.43927001953125, 147.53729248046875)
587	201.31716971234405 *** (162.41763305664062, 164.06259155273438)
588	159.77729629840013 *** (180.6749725341797, 172.48941040039062)
589	203.10631440705149 *** (150.98468017578125, 165.16305541992188)
590	189.72744864137238 *** (141.9107666015625, 149.38272094726562)
Eval! ***  201.02955188508272
Networks Saved!
591	195.51023140447327 *** (148.2860870361328, 145.7879180908203)
592	166.35783386614025 *** (154.42942810058594, 155.63369750976562)
593	199.0363443942909 *** (151.5422821044922, 158.32354736328125)
594	150.89400770468444 *** (144.8657989501953, 147.89791870117188)
595	171.06485078187697 *** (177.95314025878906, 167.82518005371094)
Eval! ***  182.86680876474182
596	174.54579576390938 *** (146.55902099609375, 150.60299682617188)
597	162.89339258631495 *** (164.94570922851562, 161.4894256591797)
598	166.12198067648546 *** (164.4375762939453, 165.61154174804688)
599	177.83558254569408 *** (150.59007263183594, 158.88140869140625)
600	218.42260387140544 *** (185.83070373535156, 176.33755493164062)
Eval! ***  160.18510915635306
Networks Saved!
601	182.6909991359813 *** (169.7270050048828, 179.75743103027344)
602	154.94749672782498 *** (177.25758361816406, 173.9120635986328)
603	170.70996104075752 *** (162.014892578125, 158.01454162597656)
604	224.48400287292043 *** (164.0744171142578, 162.14358520507812)
605	236.46471907147165 *** (157.44386291503906, 157.18006896972656)
Eval! ***  169.96822411119265
606	193.72021277147215 *** (154.163330078125, 155.5938720703125)
607	164.07479567700867 *** (171.94737243652344, 170.36790466308594)
608	167.55750838266738 *** (165.46739196777344, 161.4185791015625)
609	158.11192956787875 *** (164.3542022705078, 161.88442993164062)
610	177.37510261934816 *** (158.356201171875, 160.65086364746094)
Eval! ***  132.91589432716
Networks Saved!
611	151.11996661813404 *** (145.31753540039062, 146.4302215576172)
612	217.4406121420216 *** (154.09844970703125, 150.08071899414062)
613	194.6888731545656 *** (176.2130584716797, 178.94346618652344)
614	202.20948015403047 *** (149.47682189941406, 145.91416931152344)
615	144.50919432041144 *** (166.62289428710938, 149.93821716308594)
Eval! ***  152.53661801432293
616	179.0192525307663 *** (147.97093200683594, 161.1649627685547)
617	163.35483069999037 *** (163.84695434570312, 164.1024932861328)
618	212.95776087708157 *** (160.92628479003906, 159.25897216796875)
619	219.73670370234592 *** (152.37118530273438, 166.73719787597656)
620	223.7088993287078 *** (156.98928833007812, 151.03407287597656)
Eval! ***  167.73964448774444
Networks Saved!
621	194.85604514208333 *** (154.67343139648438, 155.0343017578125)
622	200.34049587065323 *** (152.20278930664062, 152.19296264648438)
623	165.47397308786503 *** (156.23818969726562, 154.73077392578125)
624	206.74536702818747 *** (169.42213439941406, 170.38412475585938)
625	185.62664044766478 *** (164.93121337890625, 160.5167236328125)
Eval! ***  180.2499680684809
626	168.02530184522712 *** (160.6003875732422, 154.62228393554688)
627	221.39645885004396 *** (154.33863830566406, 154.54458618164062)
628	150.39067829607768 *** (153.1273193359375, 156.58502197265625)
629	210.42602646866277 *** (169.76962280273438, 178.83778381347656)
630	208.64002414307294 *** (143.12570190429688, 141.81573486328125)
Eval! ***  185.27705938719407
Networks Saved!
631	159.25690881742196 *** (156.56365966796875, 179.39111328125)
632	166.60384484230238 *** (168.64503479003906, 169.75376892089844)
633	165.37733816526992 *** (161.0883331298828, 162.37681579589844)
634	201.0118139894442 *** (161.58384704589844, 165.8554229736328)
635	259.10282429715585 *** (167.4350128173828, 160.5792236328125)
Eval! ***  137.53372614871915
636	131.5916179542088 *** (165.58949279785156, 168.06349182128906)
637	165.6939957342322 *** (181.92977905273438, 181.54864501953125)
638	131.40276478495676 *** (168.34994506835938, 170.5408172607422)
639	155.73735755403 *** (170.82615661621094, 161.37179565429688)
640	133.0381405184423 *** (160.407958984375, 167.01084899902344)
Eval! ***  136.37702410622987
Networks Saved!
641	176.93296855141728 *** (184.7048797607422, 188.7278594970703)
642	171.49213745497943 *** (188.2407684326172, 180.94642639160156)
643	169.45527059497593 *** (192.8147430419922, 197.21400451660156)
644	183.02748252319532 *** (178.39833068847656, 193.97171020507812)
645	138.800522614988 *** (166.67359924316406, 172.5701904296875)
Eval! ***  174.41564145989037
646	155.22312329549322 *** (181.42648315429688, 159.3914794921875)
647	143.64923824132646 *** (172.5514373779297, 164.15106201171875)
648	156.90981208284506 *** (192.5095977783203, 196.26353454589844)
649	229.14776955396195 *** (175.03927612304688, 180.34503173828125)
650	161.1320820097829 *** (183.07803344726562, 190.02479553222656)
Eval! ***  126.67834095335411
Networks Saved!
651	197.6944402746287 *** (184.39935302734375, 189.67608642578125)
652	152.38355226036558 *** (187.73287963867188, 183.05117797851562)
653	168.92338818053213 *** (189.2960662841797, 187.45669555664062)
654	115.58300583763496 *** (175.14260864257812, 170.0749053955078)
655	140.67930895925474 *** (171.60382080078125, 179.7034149169922)
Eval! ***  206.71888745417306
656	210.84940894280413 *** (162.845703125, 163.7672882080078)
657	130.68072968220426 *** (143.57745361328125, 146.43997192382812)
658	170.88324959844604 *** (147.68975830078125, 149.0054931640625)
659	176.7954140983527 *** (172.1009521484375, 177.9564208984375)
660	181.81840490717929 *** (150.35255432128906, 158.80191040039062)
Eval! ***  138.0841912961221
Networks Saved!
661	131.76759490891615 *** (185.3886260986328, 184.94691467285156)
662	190.15533826629283 *** (149.63232421875, 146.98480224609375)
663	155.7608846594981 *** (176.64955139160156, 173.4231414794922)
664	180.45201606655735 *** (169.4174041748047, 178.9279022216797)
665	145.50606649794497 *** (165.36102294921875, 170.87454223632812)
Eval! ***  132.79054291642555
666	125.41481153735386 *** (142.4937744140625, 139.37831115722656)
667	153.24489000369738 *** (144.5814208984375, 153.7257080078125)
668	140.5157400837475 *** (169.75144958496094, 163.60430908203125)
669	167.21347848896494 *** (145.20831298828125, 145.85899353027344)
670	137.04060816235855 *** (154.23536682128906, 150.73622131347656)
Eval! ***  132.6489748558618
Networks Saved!
671	220.76963779913314 *** (121.64729309082031, 116.47356414794922)
672	98.72044944372992 *** (155.4402313232422, 162.30824279785156)
673	142.28681934147454 *** (187.94834899902344, 185.84434509277344)
674	84.1584290164272 *** (148.27252197265625, 164.70773315429688)
675	143.1309518599198 *** (161.01148986816406, 168.53346252441406)
Eval! ***  153.71446332987387
676	170.94444582818807 *** (157.343505859375, 157.45028686523438)
677	146.8718665196098 *** (151.13885498046875, 148.0428466796875)
678	178.65709443435188 *** (168.46875, 173.0574188232422)
679	192.99878477804765 *** (168.82125854492188, 171.72763061523438)
680	171.4080978000295 *** (143.0564422607422, 141.0476531982422)
Eval! ***  162.29783360342034
Networks Saved!
681	189.77573993864667 *** (160.48753356933594, 160.77853393554688)
682	199.55040566471044 *** (151.04998779296875, 157.3384246826172)
683	166.03117331466166 *** (167.14617919921875, 167.80662536621094)
684	182.23243969510386 *** (152.56019592285156, 152.946044921875)
685	156.17024254003297 *** (152.09840393066406, 157.6004180908203)
Eval! ***  307.3294518733246
686	216.2223163721361 *** (180.27178955078125, 169.38426208496094)
687	180.28394338672746 *** (149.79299926757812, 152.15489196777344)
688	104.21978951244205 *** (162.57247924804688, 148.3375244140625)
689	88.10993324002025 *** (140.53289794921875, 136.42465209960938)
690	136.63177385957366 *** (161.1965789794922, 169.13583374023438)
Eval! ***  150.56655493438774
Networks Saved!
691	166.81835487630065 *** (159.1624755859375, 161.24984741210938)
692	177.47800221110302 *** (171.85121154785156, 179.90475463867188)
693	133.47749382169786 *** (162.99905395507812, 146.78363037109375)
694	160.50811157120748 *** (171.74929809570312, 178.23556518554688)
695	214.6203968043098 *** (166.60414123535156, 176.90374755859375)
Eval! ***  135.63096295594391
696	180.82670392897427 *** (153.89614868164062, 158.9799041748047)
697	176.63367191072854 *** (117.79521179199219, 122.64850616455078)
698	191.27041280834496 *** (159.31588745117188, 138.49818420410156)
699	232.06526215221197 *** (157.59671020507812, 170.6805419921875)
700	227.78719045038275 *** (134.47354125976562, 132.08346557617188)
Eval! ***  182.14711496977634
Networks Saved!
701	165.79540815050098 *** (139.9486541748047, 160.5087890625)
702	151.3959856096181 *** (152.05450439453125, 135.427490234375)
703	208.79621110146653 *** (128.54901123046875, 129.14723205566406)
704	178.348877940931 *** (128.28294372558594, 124.99396514892578)
705	117.80273552927638 *** (129.68260192871094, 127.82554626464844)
Eval! ***  161.91888671959148
706	150.14918393774883 *** (126.16131591796875, 127.93487548828125)
707	133.20571906387724 *** (125.37075805664062, 126.68781280517578)
708	142.12091413443423 *** (133.40863037109375, 135.9433135986328)
709	203.16835600965902 *** (148.2592010498047, 141.1821746826172)
710	179.6717635264732 *** (132.59515380859375, 136.08827209472656)
Eval! ***  147.66452363697326
Networks Saved!
711	153.67179497064785 *** (126.16556549072266, 124.59612274169922)
712	151.32081215981316 *** (115.66112518310547, 121.75299072265625)
713	175.24547243232317 *** (133.58468627929688, 141.6609344482422)
714	132.20898869997345 *** (164.4251708984375, 162.87042236328125)
715	157.74808003232934 *** (147.0441436767578, 159.1488037109375)
Eval! ***  141.94151456419357
716	212.10083511187204 *** (139.98422241210938, 141.2278289794922)
717	201.13769670816717 *** (130.95484924316406, 135.39352416992188)
718	168.53225018827405 *** (135.76614379882812, 135.21331787109375)
719	147.2514790284535 *** (137.1992645263672, 131.8795928955078)
720	205.3040529986461 *** (147.85519409179688, 157.91688537597656)
Eval! ***  179.18812955779364
Networks Saved!
721	143.80548525068815 *** (171.33767700195312, 158.9674530029297)
722	166.35300798048752 *** (134.42677307128906, 142.7269287109375)
723	215.53638118632412 *** (111.81562805175781, 111.8364486694336)
724	153.02736881974846 *** (131.97702026367188, 132.3821258544922)
725	176.40971965518506 *** (155.95826721191406, 166.45950317382812)
Eval! ***  170.53580939280917
726	157.6137489180183 *** (104.30841827392578, 117.99705505371094)
727	218.42027096919955 *** (166.13583374023438, 159.13331604003906)
728	188.33364817054579 *** (132.04946899414062, 128.0819091796875)
729	172.81974533663526 *** (132.93870544433594, 126.8238754272461)
730	130.5469210051679 *** (131.7887420654297, 144.45326232910156)
Eval! ***  164.17092077853872
Networks Saved!
731	170.31695622354977 *** (163.83319091796875, 153.665283203125)
732	171.8724164441389 *** (107.95771789550781, 113.8358383178711)
733	190.30433853288525 *** (150.67337036132812, 151.1999969482422)
734	197.89774405991784 *** (141.3445587158203, 133.97329711914062)
735	92.2040661884394 *** (140.9341583251953, 156.566650390625)
Eval! ***  155.64112910672756
736	204.44329627139066 *** (128.27325439453125, 128.20608520507812)
737	151.74145978591173 *** (133.1422119140625, 136.18328857421875)
738	206.35227423826544 *** (143.1875457763672, 141.68447875976562)
739	135.1388482431621 *** (157.1591796875, 159.7515106201172)
740	118.35516134120394 *** (138.38723754882812, 139.0808868408203)
Eval! ***  202.97974449698617
Networks Saved!
741	183.70179689179608 *** (145.96237182617188, 142.67153930664062)
742	156.53732975550176 *** (124.858154296875, 122.27766418457031)
743	197.55461076451604 *** (150.5259552001953, 141.8187713623047)
744	215.49411355401023 *** (140.3307647705078, 148.72450256347656)
745	183.8014082177909 *** (128.9127655029297, 143.7329559326172)
Eval! ***  74.54360808284201
746	57.66042581485909 *** (122.82038116455078, 132.7295684814453)
747	128.86020770968207 *** (148.99534606933594, 157.85003662109375)
748	76.07551297840511 *** (133.34359741210938, 139.76968383789062)
749	144.2759153310694 *** (151.74400329589844, 157.53257751464844)
750	178.92636366456944 *** (137.81954956054688, 135.81590270996094)
Eval! ***  165.21133346345832
Networks Saved!
751	154.0397318642242 *** (125.70016479492188, 109.39608764648438)
752	180.1624784777281 *** (151.27308654785156, 146.920654296875)
753	182.25434550082386 *** (155.99945068359375, 147.00140380859375)
754	160.594886822397 *** (137.43894958496094, 136.9617462158203)
755	182.9397389260952 *** (128.7562255859375, 150.5788116455078)
Eval! ***  157.0730984424127
756	178.66240887599272 *** (168.7615203857422, 167.9446258544922)
757	246.51139021243682 *** (126.30514526367188, 135.93019104003906)
758	150.13583977545582 *** (133.00509643554688, 120.22450256347656)
759	46.874731076033804 *** (149.01380920410156, 147.15476989746094)
760	202.64271902346786 *** (170.5839080810547, 161.09915161132812)
Eval! ***  136.99350091911845
Networks Saved!
761	124.97233636128968 *** (161.93955993652344, 156.64035034179688)
762	190.10494436150094 *** (162.1334686279297, 155.125)
763	204.69866043997362 *** (160.69317626953125, 155.3443603515625)
764	194.8080775072036 *** (134.07476806640625, 145.59005737304688)
765	202.56305899930615 *** (144.15122985839844, 150.86399841308594)
Eval! ***  238.08039170352163
766	225.20772711794854 *** (142.74856567382812, 154.74295043945312)
767	136.70968967611358 *** (143.34085083007812, 142.26832580566406)
768	133.4304144013059 *** (152.1728057861328, 152.5093536376953)
769	207.12213840922198 *** (158.56280517578125, 157.77073669433594)
770	184.35144904803113 *** (158.08424377441406, 159.22122192382812)
Eval! ***  129.63447183475827
Networks Saved!
771	159.37433314829832 *** (150.274169921875, 137.09552001953125)
772	163.48098894990045 *** (146.99021911621094, 155.21324157714844)
773	163.85214195166515 *** (134.7093963623047, 136.33045959472656)
774	214.30224883512764 *** (131.97891235351562, 131.58111572265625)
775	199.68614032278572 *** (131.0098419189453, 143.4600372314453)
Eval! ***  169.79947979799437
776	168.5344293035045 *** (130.7216033935547, 119.56029510498047)
777	144.3453326848724 *** (133.5635528564453, 136.92416381835938)
778	165.8032560647616 *** (122.57257843017578, 127.0293197631836)
779	207.11071872456188 *** (133.81600952148438, 137.29978942871094)
780	174.10702584561756 *** (121.81697845458984, 120.38690185546875)
Eval! ***  233.93907314609055
Networks Saved!
781	216.26934104760772 *** (119.05406951904297, 122.9587173461914)
782	164.86285401717652 *** (127.19544219970703, 126.5619125366211)
783	159.89534234030475 *** (143.02688598632812, 141.4898681640625)
784	177.4581731472656 *** (118.84713745117188, 119.64592742919922)
785	148.80498529278952 *** (178.94595336914062, 183.34454345703125)
Eval! ***  184.4296102553033
786	167.41390231511386 *** (128.2773895263672, 131.55160522460938)
787	131.10371206711034 *** (159.15310668945312, 170.50416564941406)
788	192.3435682983807 *** (142.534423828125, 142.77903747558594)
789	233.3183110868202 *** (170.00723266601562, 159.13616943359375)
790	232.491067041694 *** (155.5774383544922, 169.58409118652344)
Eval! ***  179.76164020813977
Networks Saved!
791	209.0092528522722 *** (153.92333984375, 170.76637268066406)
792	180.68417272791098 *** (161.8338623046875, 165.8872833251953)
793	171.8634398992134 *** (173.80641174316406, 164.22532653808594)
794	152.37256220520803 *** (154.71066284179688, 146.29933166503906)
795	152.6514039721499 *** (167.5351104736328, 154.74180603027344)
Eval! ***  135.37558092972466
796	137.12904279457513 *** (134.35357666015625, 150.02438354492188)
797	127.27617787449273 *** (118.75372314453125, 115.35308074951172)
798	184.56653090257763 *** (138.47268676757812, 125.37652587890625)
799	194.5016127083556 *** (163.47933959960938, 157.24476623535156)
800	188.85290439782946 *** (118.34342193603516, 123.78608703613281)
Eval! ***  147.01771474101932
Networks Saved!
801	160.25487733535138 *** (136.22756958007812, 126.45024871826172)
802	262.9596107304873 *** (137.914306640625, 136.8235626220703)
803	158.11302581530742 *** (133.1398468017578, 127.44185638427734)
804	136.9931420005132 *** (172.82701110839844, 184.73306274414062)
805	162.97915880401624 *** (154.80001831054688, 151.86827087402344)
Eval! ***  170.31830414452364
806	175.41047249110525 *** (199.54493713378906, 189.20361328125)
807	208.37683417026426 *** (201.57826232910156, 187.2579345703125)
808	167.48464240663466 *** (172.27854919433594, 178.6685333251953)
809	173.33102433969833 *** (185.46717834472656, 182.1919708251953)
810	152.6926218709522 *** (184.83189392089844, 192.7452850341797)
Eval! ***  149.6127424258207
Networks Saved!
811	170.99476221261284 *** (158.90670776367188, 160.4819793701172)
812	144.41699827976277 *** (181.43344116210938, 176.87014770507812)
813	135.8660027182278 *** (133.79730224609375, 137.73223876953125)
814	84.88433101666483 *** (184.443115234375, 184.7380828857422)
815	165.08171640469385 *** (151.26333618164062, 149.61703491210938)
Eval! ***  125.29974244784584
816	186.06259895474804 *** (136.0817413330078, 137.94932556152344)
817	138.67164727286408 *** (143.78817749023438, 146.4788055419922)
818	137.01164605840907 *** (180.74986267089844, 186.31983947753906)
819	124.91446886784368 *** (192.58631896972656, 188.5308837890625)
820	201.75552554550322 *** (147.80006408691406, 150.23341369628906)
Eval! ***  202.1005530921276
Networks Saved!
821	201.4680124764496 *** (197.06480407714844, 196.80918884277344)
822	154.04247275431567 *** (190.31988525390625, 182.69085693359375)
823	146.52777458394587 *** (180.22067260742188, 193.34803771972656)
824	162.38759254421547 *** (173.6620330810547, 168.86007690429688)
825	140.07393872716816 *** (173.4576873779297, 166.5950469970703)
Eval! ***  202.6356652189653
826	141.5794650044512 *** (167.902587890625, 176.0717315673828)
827	175.2792944985072 *** (160.67849731445312, 158.52467346191406)
828	142.14706605497685 *** (162.32681274414062, 162.9746856689453)
829	226.77093034218834 *** (171.35665893554688, 167.62896728515625)
830	159.53974513477993 *** (151.76373291015625, 152.49794006347656)
Eval! ***  177.00135973296287
Networks Saved!
831	150.19820766292565 *** (141.4625244140625, 144.80433654785156)
832	206.93975181481878 *** (146.0626678466797, 137.77932739257812)
833	223.2870290842302 *** (198.48533630371094, 202.9970245361328)
834	137.6265924547464 *** (183.57275390625, 176.95260620117188)
835	119.53056850981899 *** (173.01763916015625, 172.2102813720703)
Eval! ***  151.51699265289827
836	221.6805166868055 *** (170.5959014892578, 156.20114135742188)
837	154.9458741821201 *** (141.8641815185547, 149.18569946289062)
838	160.71233620648326 *** (200.98448181152344, 191.39041137695312)
839	140.69423886912168 *** (244.3814239501953, 239.13172912597656)
840	130.07661499949512 *** (178.4324951171875, 187.0244903564453)
Eval! ***  155.9863005167355
Networks Saved!
841	201.55684369497226 *** (216.0187225341797, 211.25259399414062)
842	167.5462878368154 *** (157.85032653808594, 152.1908721923828)
843	190.34497881781124 *** (219.3467559814453, 204.15936279296875)
844	164.08889102508607 *** (200.29531860351562, 213.54493713378906)
845	131.50330648876064 *** (198.4295196533203, 226.48956298828125)
Eval! ***  220.71249191590474
846	205.92674084679783 *** (161.6706085205078, 157.56202697753906)
847	140.72696543209082 *** (215.80120849609375, 201.7003631591797)
848	137.01211907904138 *** (212.58712768554688, 216.26443481445312)
849	159.18734784828135 *** (245.93112182617188, 223.30783081054688)
850	138.69218300316737 *** (155.06373596191406, 157.98223876953125)
Eval! ***  214.15282997624536
Networks Saved!
851	126.96761529755277 *** (191.9064483642578, 188.54908752441406)
852	156.6598572308622 *** (157.38839721679688, 164.95053100585938)
853	201.48199402696164 *** (146.1361846923828, 148.59767150878906)
854	137.84725478952814 *** (181.33995056152344, 177.37338256835938)
855	124.51399858973609 *** (136.05709838867188, 137.29026794433594)
Eval! ***  166.89613981119282
856	178.7719037202018 *** (146.01119995117188, 148.72000122070312)
857	131.81955359737194 *** (192.03857421875, 202.15965270996094)
858	168.16475131152956 *** (149.61349487304688, 145.7202911376953)
859	180.60240164790972 *** (169.78411865234375, 174.87416076660156)
860	155.49470940222864 *** (173.8529815673828, 165.59620666503906)
Eval! ***  125.64507199321918
Networks Saved!
861	166.80847103693117 *** (186.63284301757812, 186.67845153808594)
862	128.21901544065167 *** (179.0934600830078, 182.23171997070312)
863	202.55875277760404 *** (201.5189971923828, 201.70578002929688)
864	170.81356771207146 *** (163.471923828125, 163.33790588378906)
865	187.2651038231658 *** (151.6887969970703, 151.64312744140625)
Eval! ***  177.50782666362855
866	150.7246940006621 *** (174.83677673339844, 160.55694580078125)
867	175.2903619901653 *** (202.02816772460938, 211.49647521972656)
868	152.6621910705428 *** (141.6108856201172, 144.82069396972656)
869	178.70501807514893 *** (196.13584899902344, 213.46632385253906)
870	212.52138452865125 *** (194.71522521972656, 200.28321838378906)
Eval! ***  134.5082623386791
Networks Saved!
871	142.86286037695965 *** (208.7923126220703, 205.25440979003906)
872	152.94886862640365 *** (170.74085998535156, 180.4075469970703)
873	152.04508036721265 *** (203.64981079101562, 205.8021697998047)
874	157.4286807395958 *** (197.58352661132812, 222.83447265625)
875	216.02028293399007 *** (222.55726623535156, 208.3271942138672)
Eval! ***  217.0409742792178
876	125.96519632793158 *** (206.51719665527344, 231.08892822265625)
877	220.41232416972153 *** (134.20249938964844, 144.1244354248047)
878	148.43013170544214 *** (154.05894470214844, 160.5763397216797)
879	154.8990899758456 *** (202.98333740234375, 190.61813354492188)
880	162.64814694676872 *** (188.08645629882812, 164.2615203857422)
Eval! ***  134.44955181260178
Networks Saved!
881	132.94452781228168 *** (198.54823303222656, 206.47183227539062)
882	217.3654469243333 *** (148.98101806640625, 143.3054656982422)
883	167.18356234663636 *** (199.4816436767578, 169.4954833984375)
884	253.07689768731288 *** (169.68431091308594, 166.5144805908203)
885	135.0326629584444 *** (216.2140655517578, 227.34674072265625)
Eval! ***  134.22838093180044
886	177.884261372153 *** (155.80447387695312, 174.85630798339844)
887	200.77378529895572 *** (200.12936401367188, 196.54896545410156)
888	152.61135536231066 *** (128.13475036621094, 130.290283203125)
889	237.5395169948501 *** (194.68907165527344, 199.5071258544922)
890	127.01653410682145 *** (138.34506225585938, 138.9356231689453)
Eval! ***  135.0200686092771
Networks Saved!
891	135.1191388577828 *** (140.8507537841797, 152.7276153564453)
892	184.7774730154808 *** (149.88279724121094, 137.24681091308594)
893	174.22756242635134 *** (174.72439575195312, 178.72633361816406)
894	173.13389045759308 *** (151.0456085205078, 152.24183654785156)
895	264.98192416015115 *** (148.1538848876953, 153.74368286132812)
Eval! ***  237.40070255647868
896	129.63290705233644 *** (177.8097686767578, 179.012939453125)
897	195.81362891241793 *** (219.53099060058594, 196.3072052001953)
898	129.63461522524446 *** (151.71649169921875, 143.1102294921875)
899	230.2471808653937 *** (187.06141662597656, 181.9779815673828)
900	197.5821028141711 *** (132.27603149414062, 133.2633819580078)
Eval! ***  122.5628970459405
Networks Saved!
901	121.97460735385582 *** (154.86029052734375, 147.2131805419922)
902	224.44100082771843 *** (160.67669677734375, 157.7449493408203)
903	205.78709462693305 *** (195.52735900878906, 200.08126831054688)
904	226.6421499028502 *** (150.06285095214844, 140.83447265625)
905	202.8861970976645 *** (214.75115966796875, 212.40975952148438)
Eval! ***  196.34322554791194
906	210.14313260256773 *** (176.0300750732422, 174.9635467529297)
907	210.76603833608718 *** (202.55960083007812, 196.2382354736328)
908	139.23041670030727 *** (201.00852966308594, 202.65965270996094)
909	209.90289090374742 *** (137.03823852539062, 135.59152221679688)
910	235.40688749829218 *** (149.19369506835938, 164.1240234375)
Eval! ***  173.211873710643
Networks Saved!
911	161.05749720048482 *** (180.63232421875, 199.4225311279297)
912	208.11743683395176 *** (189.71426391601562, 199.68601989746094)
913	167.37219970408512 *** (131.376708984375, 138.83607482910156)
914	237.80506540335068 *** (152.61212158203125, 174.0946044921875)
915	257.034824144534 *** (210.93690490722656, 206.15402221679688)
Eval! ***  192.63651263271734
916	197.60232307100466 *** (153.4796600341797, 144.17796325683594)
917	213.3251007092885 *** (140.4296417236328, 151.2017059326172)
918	151.72030695970022 *** (195.52493286132812, 213.57241821289062)
919	193.28537189703493 *** (179.67730712890625, 181.576904296875)
920	168.65055474523896 *** (189.8373565673828, 195.4046173095703)
Eval! ***  163.7763589667604
Networks Saved!
921	225.20358583581088 *** (180.1639862060547, 166.74002075195312)
922	229.87705489374673 *** (147.40396118164062, 147.45855712890625)
923	210.2782867527075 *** (137.11639404296875, 140.8433380126953)
924	157.87112368203918 *** (174.8483123779297, 177.32894897460938)
925	193.56275963807127 *** (192.7279510498047, 201.9304962158203)
Eval! ***  168.83450906830407
926	190.06257540502355 *** (187.5203857421875, 188.6272430419922)
927	182.18628010510085 *** (148.57672119140625, 146.11830139160156)
928	198.4446839363654 *** (200.51231384277344, 186.9590301513672)
929	178.40644042180807 *** (156.1858367919922, 158.06077575683594)
930	206.3205207734649 *** (217.61656188964844, 210.23297119140625)
Eval! ***  218.878043053795
Networks Saved!
931	241.01722263845792 *** (209.4158935546875, 214.31216430664062)
932	168.61350698090615 *** (170.5769805908203, 166.48057556152344)
933	161.31544642277774 *** (205.1396026611328, 215.1848602294922)
934	185.0952309348134 *** (154.78106689453125, 162.1443634033203)
935	164.51679971166004 *** (211.08445739746094, 198.4534149169922)
Eval! ***  216.94374246079968
936	205.11609585371113 *** (155.0818634033203, 153.03445434570312)
937	170.83151654376968 *** (173.75132751464844, 177.70823669433594)
938	196.67382188466874 *** (194.96163940429688, 211.8092498779297)
939	188.75955861502666 *** (176.96084594726562, 168.28160095214844)
940	167.797541588696 *** (238.9799346923828, 230.46986389160156)
Eval! ***  195.23200171906592
Networks Saved!
941	154.31317486749373 *** (175.7711944580078, 164.0233612060547)
942	203.47829541415393 *** (221.8719024658203, 225.12213134765625)
943	201.41944943261566 *** (216.9227294921875, 203.07485961914062)
944	195.89625168325085 *** (186.1648406982422, 189.6768035888672)
945	180.5393704654785 *** (198.79933166503906, 195.7902069091797)
Eval! ***  153.29612325671468
946	184.7010022047815 *** (225.4109344482422, 231.645263671875)
947	247.6358620463674 *** (200.3187255859375, 198.66632080078125)
948	243.19363880869523 *** (179.68565368652344, 174.17018127441406)
949	168.2091213670576 *** (192.4440155029297, 195.57586669921875)
950	179.7925126463697 *** (201.0892333984375, 205.3275146484375)
Eval! ***  191.94634983845717
Networks Saved!
951	203.73877948444255 *** (215.61480712890625, 197.40621948242188)
952	184.97921317050557 *** (151.66709899902344, 160.78575134277344)
953	200.55254876625142 *** (171.7600555419922, 160.69815063476562)
954	143.18939169145818 *** (161.96810913085938, 164.29934692382812)
955	163.52023210659505 *** (212.91294860839844, 210.7028350830078)
Eval! ***  179.27013274011523
956	203.64532946739484 *** (208.130859375, 216.34185791015625)
957	199.2467833073074 *** (155.19805908203125, 153.3624725341797)
958	164.68070984581468 *** (192.7077178955078, 196.25807189941406)
959	169.16309424035163 *** (193.0936737060547, 197.04010009765625)
960	157.0141992723134 *** (170.50624084472656, 174.3756561279297)
Eval! ***  118.20550125196023
Networks Saved!
961	146.42061861464381 *** (196.03807067871094, 203.14736938476562)
962	164.267744587093 *** (201.19993591308594, 199.04901123046875)
963	171.39967326746546 *** (196.30316162109375, 195.1076202392578)
964	179.37910838081152 *** (203.81629943847656, 211.69264221191406)
965	194.40911179620895 *** (187.71775817871094, 202.9122772216797)
Eval! ***  170.5254972261529
966	159.60335628460612 *** (167.94886779785156, 172.06072998046875)
967	214.10902657669115 *** (202.02586364746094, 204.75515747070312)
968	168.6096614862379 *** (200.6843719482422, 207.69825744628906)
969	150.39113791656064 *** (216.545166015625, 226.38900756835938)
970	187.98437490244055 *** (213.24049377441406, 199.84036254882812)
Eval! ***  130.53021227460084
Networks Saved!
971	139.34745935178282 *** (188.7337188720703, 197.4190673828125)
972	139.68811626373417 *** (212.0587615966797, 208.80738830566406)
973	168.36509850986306 *** (210.24765014648438, 214.97740173339844)
974	128.0283886420933 *** (225.97024536132812, 212.09571838378906)
975	209.23415916867523 *** (228.93161010742188, 243.6529541015625)
Eval! ***  167.3649648459407
976	196.8349822064187 *** (180.06776428222656, 191.17364501953125)
977	201.89875927589551 *** (190.0685272216797, 190.6953125)
978	171.61316898554426 *** (172.81980895996094, 181.42904663085938)
979	168.64680687724962 *** (190.19625854492188, 190.4693603515625)
980	116.9736158084063 *** (216.481201171875, 200.94471740722656)
Eval! ***  166.11592887176994
Networks Saved!
981	168.5383654821186 *** (230.52740478515625, 224.05992126464844)
982	173.58174115345074 *** (196.14047241210938, 197.26206970214844)
983	171.95019543342468 *** (213.1385040283203, 219.6826171875)
984	198.9920609274025 *** (223.6135711669922, 216.3029327392578)
985	164.68978564283367 *** (183.01963806152344, 197.18466186523438)
Eval! ***  163.86310689596633
986	200.99496161928175 *** (229.0416259765625, 223.87303161621094)
987	177.6751090788462 *** (229.38661193847656, 229.27964782714844)
988	170.92570821911866 *** (220.2134246826172, 220.2299346923828)
989	191.2302630504145 *** (182.23118591308594, 177.97569274902344)
990	175.59888082090814 *** (210.3177947998047, 207.9986572265625)
Eval! ***  202.415765958367
Networks Saved!
991	185.44550849163812 *** (204.36663818359375, 207.1190185546875)
992	162.22811926422912 *** (176.0971221923828, 181.31190490722656)
993	172.67674147883707 *** (217.83363342285156, 222.51156616210938)
994	166.68754596880277 *** (204.59115600585938, 208.88824462890625)
995	200.78817742485268 *** (180.14633178710938, 191.79649353027344)
Eval! ***  207.44270584792469
996	141.23615220747325 *** (188.2995147705078, 183.17054748535156)
997	202.83528373044055 *** (198.6289520263672, 198.90884399414062)
998	171.7959563791864 *** (197.0994873046875, 194.0487518310547)
999	182.90527440082968 *** (174.7665252685547, 160.281494140625)
1000	173.91723514189215 *** (210.43331909179688, 203.01239013671875)
Eval! ***  178.83646129499942
Networks Saved!
1001	202.1895775548298 *** (204.63914489746094, 196.54994201660156)
1002	135.1277288469406 *** (200.8267059326172, 206.77389526367188)
1003	182.37537279355595 *** (190.218994140625, 202.825927734375)
1004	169.3221619719161 *** (221.07093811035156, 218.5583038330078)
1005	192.77171480838888 *** (200.3763427734375, 188.3565673828125)
Eval! ***  195.83779991968862
1006	208.02851250918047 *** (232.82159423828125, 230.66249084472656)
1007	188.23356035639247 *** (182.98622131347656, 182.29013061523438)
1008	185.591059953079 *** (227.8140869140625, 208.9266815185547)
1009	227.10801789795474 *** (192.52593994140625, 187.4105224609375)
1010	200.68444596826168 *** (198.94654846191406, 211.39073181152344)
Eval! ***  167.52339732273643
Networks Saved!
1011	227.42229466525262 *** (201.36297607421875, 214.88011169433594)
1012	190.75863807780684 *** (195.02169799804688, 196.10467529296875)
1013	222.10501368171293 *** (199.32293701171875, 190.6590118408203)
1014	170.53369406237854 *** (204.25155639648438, 208.24172973632812)
1015	103.8761454584701 *** (198.03839111328125, 207.96975708007812)
Eval! ***  210.26394913526167
1016	207.84454837602442 *** (216.72003173828125, 217.03758239746094)
1017	208.80496532038148 *** (200.2281494140625, 195.59698486328125)
1018	144.3144222556513 *** (201.2763671875, 196.4351043701172)
1019	195.8056980922644 *** (185.10443115234375, 199.4066162109375)
1020	106.53262576216149 *** (179.90597534179688, 182.62081909179688)
Eval! ***  166.8699664939309
Networks Saved!
1021	168.91302782409198 *** (223.90370178222656, 206.71578979492188)
1022	172.28702792816216 *** (187.04493713378906, 179.01368713378906)
1023	161.7084666746311 *** (203.7928924560547, 191.24510192871094)
1024	177.19841206091408 *** (170.56298828125, 174.1396942138672)
1025	199.0915589505711 *** (213.38279724121094, 230.51803588867188)
Eval! ***  147.80458855018716
1026	157.1655086631662 *** (186.06028747558594, 183.30813598632812)
1027	224.29500551995235 *** (193.66505432128906, 200.89805603027344)
1028	194.53593970697045 *** (187.8613739013672, 189.68553161621094)
1029	159.6955870529607 *** (218.7200164794922, 217.4844207763672)
1030	161.62975697421254 *** (199.7547607421875, 206.0614471435547)
Eval! ***  202.92272105077458
Networks Saved!
1031	230.08077131612077 *** (220.91433715820312, 211.30911254882812)
1032	130.95709492724214 *** (235.1728515625, 240.6451873779297)
1033	192.2586195908539 *** (223.60621643066406, 236.8682098388672)
1034	155.3171220376767 *** (207.44459533691406, 197.60662841796875)
1035	186.15114116345111 *** (233.83795166015625, 228.46148681640625)
Eval! ***  180.65361389317246
1036	148.7465225700473 *** (219.0623779296875, 220.71839904785156)
1037	210.31763677829352 *** (218.74070739746094, 225.35011291503906)
1038	170.47589165332423 *** (202.21705627441406, 204.4524383544922)
1039	160.2208592713729 *** (192.8216094970703, 180.60755920410156)
1040	159.121700826787 *** (218.25331115722656, 208.4611358642578)
Eval! ***  168.14950460046137
Networks Saved!
1041	202.87067572018228 *** (191.26145935058594, 185.81024169921875)
1042	168.80465030772783 *** (184.84634399414062, 191.28956604003906)
1043	165.53191906448663 *** (189.31898498535156, 198.91827392578125)
1044	145.37061104870375 *** (202.90826416015625, 227.6318817138672)
1045	140.06580146381467 *** (216.6767120361328, 222.1309356689453)
Eval! ***  190.49964864963653
1046	176.21343138366464 *** (190.34571838378906, 184.75448608398438)
1047	174.54150101238113 *** (231.3119659423828, 219.97625732421875)
1048	136.86477990314137 *** (223.00714111328125, 228.35897827148438)
1049	197.02720537834819 *** (215.6956329345703, 209.4336395263672)
1050	172.68593115964475 *** (227.7461395263672, 225.90484619140625)
Eval! ***  214.48380934881575
Networks Saved!
1051	179.66987006520836 *** (230.25877380371094, 231.26397705078125)
1052	201.70719759696237 *** (230.961181640625, 220.41346740722656)
1053	159.28152019957454 *** (214.9635467529297, 243.03529357910156)
1054	201.07864204018992 *** (235.89585876464844, 213.40711975097656)
1055	171.7541348789498 *** (226.21958923339844, 216.3827667236328)
Eval! ***  224.54748371999494
1056	237.02451882832935 *** (229.25112915039062, 211.14210510253906)
1057	152.0270892686306 *** (236.97923278808594, 234.0442657470703)
1058	186.44619001757 *** (235.76182556152344, 242.85096740722656)
1059	184.2115957832492 *** (209.1644287109375, 209.9688720703125)
1060	142.57344667282212 *** (217.11842346191406, 221.80923461914062)
Eval! ***  168.42177027837184
Networks Saved!
1061	170.97357929841667 *** (214.37989807128906, 217.1157684326172)
1062	198.38831019732186 *** (214.40252685546875, 242.0275115966797)
1063	186.46939277967593 *** (199.98526000976562, 201.00421142578125)
1064	197.60915886950832 *** (219.41134643554688, 214.1628875732422)
1065	197.24925973189335 *** (220.4459686279297, 227.23580932617188)
Eval! ***  139.57003772721444
1066	172.91976919922462 *** (199.13711547851562, 189.19656372070312)
1067	186.39170131739246 *** (183.60667419433594, 177.14109802246094)
1068	161.0329625905214 *** (208.94247436523438, 203.2355499267578)
1069	167.05162107635792 *** (183.21104431152344, 189.74795532226562)
1070	201.16146404933212 *** (219.3077392578125, 247.4491424560547)
Eval! ***  170.33992073849353
Networks Saved!
1071	202.10880522391489 *** (195.31932067871094, 216.0714874267578)
1072	164.62396168398175 *** (193.8677978515625, 188.39662170410156)
1073	157.29582131989977 *** (234.40411376953125, 230.51687622070312)
1074	126.46351479093384 *** (244.09713745117188, 232.36419677734375)
1075	215.2233834246306 *** (235.0418243408203, 224.0357208251953)
Eval! ***  161.2772635627898
1076	166.35612524826234 *** (188.46339416503906, 182.62127685546875)
1077	161.30974213168145 *** (220.56483459472656, 227.85023498535156)
1078	204.094381033891 *** (215.4505615234375, 217.94960021972656)
1079	166.38350290915858 *** (220.21383666992188, 224.1110076904297)
1080	223.61645362377155 *** (202.54566955566406, 199.99049377441406)
Eval! ***  165.15350871990145
Networks Saved!
1081	162.55807294662065 *** (204.75238037109375, 198.13156127929688)
1082	167.17344307674978 *** (242.47071838378906, 237.24478149414062)
1083	152.444906801853 *** (208.41078186035156, 204.53646850585938)
1084	198.65880156070713 *** (233.47792053222656, 232.43301391601562)
1085	158.01837416048818 *** (227.0769805908203, 231.75234985351562)
Eval! ***  170.76301770940202
1086	165.86084024344072 *** (237.44741821289062, 224.82115173339844)
1087	174.57114735498996 *** (266.8138122558594, 251.05416870117188)
1088	197.8569913318203 *** (202.44256591796875, 214.29249572753906)
1089	169.34884836180493 *** (210.3977508544922, 229.2081756591797)
1090	146.1854511027603 *** (243.64895629882812, 240.76123046875)
Eval! ***  150.36200665565534
Networks Saved!
1091	196.11145293289982 *** (233.9163818359375, 230.95216369628906)
1092	263.2265378215948 *** (214.63760375976562, 224.52073669433594)
1093	60.40639789807208 *** (215.54519653320312, 217.97694396972656)
1094	197.58510109511704 *** (196.4764404296875, 200.53848266601562)
1095	158.26273916028126 *** (186.7242431640625, 194.76722717285156)
Eval! ***  151.0267401951914
1096	100.99915866322677 *** (182.5203399658203, 182.28622436523438)
1097	175.355042176594 *** (192.78192138671875, 196.61544799804688)
1098	171.78355738916432 *** (193.86610412597656, 180.91079711914062)
1099	188.8971608377228 *** (207.12705993652344, 214.34371948242188)
1100	185.26555465886688 *** (198.43954467773438, 200.23143005371094)
Eval! ***  157.81016935903048
Networks Saved!
1101	198.60840115219608 *** (217.0355682373047, 219.309326171875)
1102	171.68937272836345 *** (257.0923767089844, 235.448486328125)
1103	187.60127363288865 *** (250.5522003173828, 246.62754821777344)
1104	165.8662402338473 *** (241.86927795410156, 241.6863250732422)
1105	214.69341782766503 *** (202.18966674804688, 199.3433380126953)
Eval! ***  160.42577625424144
1106	181.13289412548093 *** (234.32830810546875, 226.45892333984375)
1107	162.71720241774807 *** (222.4591064453125, 235.53451538085938)
1108	171.53351437688767 *** (211.3813018798828, 218.6426544189453)
1109	194.20322582708246 *** (237.62757873535156, 219.9794921875)
1110	172.82072706509746 *** (216.91627502441406, 209.9572296142578)
Eval! ***  166.90749334399575
Networks Saved!
1111	169.53604037579066 *** (212.7869415283203, 219.84512329101562)
1112	165.55789543739877 *** (226.59896850585938, 221.45851135253906)
1113	195.64402493115057 *** (250.2511444091797, 246.01722717285156)
1114	148.28053189954755 *** (206.27841186523438, 219.46444702148438)
1115	159.18921874764285 *** (229.17599487304688, 221.62704467773438)
Eval! ***  203.7384174001153
1116	171.3410064852528 *** (208.72671508789062, 208.41925048828125)
1117	189.03908920144445 *** (208.28878784179688, 222.6943817138672)
1118	166.55170699162753 *** (210.77947998046875, 210.7158660888672)
1119	176.9815078250075 *** (224.91795349121094, 244.41775512695312)
1120	184.27832316108916 *** (248.31640625, 232.1358184814453)
Eval! ***  176.2014088091508
Networks Saved!
1121	138.37003712932125 *** (220.9449462890625, 250.2501678466797)
1122	128.51448386974252 *** (208.39466857910156, 212.0279083251953)
1123	166.83419414338957 *** (198.3089141845703, 201.9493408203125)
1124	165.3656769190802 *** (181.3427734375, 184.59918212890625)
1125	162.78900436639083 *** (228.6977996826172, 218.12925720214844)
Eval! ***  192.43982682434643
1126	178.4913089795298 *** (203.02841186523438, 214.90231323242188)
1127	153.58291782879067 *** (234.52407836914062, 241.4164581298828)
1128	184.37644846863992 *** (218.69859313964844, 231.05801391601562)
1129	161.01739839953888 *** (215.4202423095703, 213.7650604248047)
1130	196.45794416064197 *** (210.40504455566406, 219.76866149902344)
Eval! ***  203.52012599080766
Networks Saved!
1131	103.17660840427024 *** (213.48646545410156, 205.084228515625)
1132	193.9612345581994 *** (227.1875457763672, 220.41802978515625)
1133	203.80594441687143 *** (200.6557159423828, 203.8870391845703)
1134	154.95937543439163 *** (202.29904174804688, 200.51010131835938)
1135	147.1092997647253 *** (235.55613708496094, 228.81837463378906)
Eval! ***  172.39733052510815
1136	108.58213468094647 *** (194.49392700195312, 185.5054931640625)
1137	145.4567376764825 *** (210.73983764648438, 200.09133911132812)
1138	170.34151580882508 *** (202.60133361816406, 193.09133911132812)
1139	171.97388688340712 *** (210.01535034179688, 192.2266845703125)
1140	166.545996303054 *** (206.35401916503906, 207.45596313476562)
Eval! ***  208.21805937908812
Networks Saved!
1141	206.5534560898473 *** (177.9506378173828, 180.7916717529297)
1142	161.3139338673637 *** (177.90740966796875, 172.0326385498047)
1143	170.3434038022198 *** (181.7859344482422, 186.57229614257812)
1144	159.80083122622256 *** (189.08262634277344, 193.4862518310547)
1145	200.8917590041665 *** (230.90061950683594, 219.03909301757812)
Eval! ***  158.4334034311975
1146	166.37774615325247 *** (195.56312561035156, 182.3331298828125)
1147	159.00342831955666 *** (219.63938903808594, 232.34246826171875)
1148	166.6015022542132 *** (241.14996337890625, 235.4156951904297)
1149	199.39904205194344 *** (213.82228088378906, 215.65560913085938)
1150	168.7642426069924 *** (230.34457397460938, 231.49659729003906)
Eval! ***  217.36250497237015
Networks Saved!
1151	187.90308578007023 *** (217.3348846435547, 222.6239013671875)
1152	145.62097273501072 *** (215.8672637939453, 219.16786193847656)
1153	198.29661835804183 *** (188.71446228027344, 192.08389282226562)
1154	155.50171373915632 *** (212.55203247070312, 219.50914001464844)
1155	202.98781483914294 *** (220.10975646972656, 230.9008331298828)
Eval! ***  192.18015770785598
1156	168.3322586340264 *** (193.8517303466797, 190.08517456054688)
1157	190.90571139614931 *** (209.5326690673828, 191.90408325195312)
1158	144.72098596147967 *** (194.54420471191406, 203.546875)
1159	197.76545478578666 *** (215.5208740234375, 208.6446075439453)
1160	156.9972173487944 *** (195.82522583007812, 191.1522216796875)
Eval! ***  184.76152137700717
Networks Saved!
1161	201.07246625191948 *** (192.70802307128906, 195.54132080078125)
1162	148.96614872802027 *** (190.6071319580078, 186.6658172607422)
1163	155.89518135770734 *** (202.47259521484375, 205.6929168701172)
1164	173.8533613340656 *** (205.2982635498047, 191.80149841308594)
1165	172.40019949432892 *** (189.59715270996094, 192.32229614257812)
Eval! ***  156.86446522188984
1166	180.21760200150456 *** (186.4892120361328, 184.06137084960938)
1167	199.44977210819198 *** (175.9896697998047, 180.49468994140625)
1168	219.45240904044812 *** (191.12574768066406, 201.05328369140625)
1169	125.81609436045622 *** (195.63246154785156, 190.33692932128906)
1170	203.0550121253235 *** (189.72268676757812, 180.2286376953125)
Eval! ***  182.41936888598434
Networks Saved!
1171	149.32895416204522 *** (183.62496948242188, 180.77871704101562)
1172	157.71968766573391 *** (214.41119384765625, 215.38319396972656)
1173	136.53781770295734 *** (180.72071838378906, 189.4231414794922)
1174	148.86041528879267 *** (186.53594970703125, 186.5166778564453)
1175	178.02229062562134 *** (193.535400390625, 191.79745483398438)
Eval! ***  169.18972973684882
1176	185.34623355991 *** (188.257080078125, 185.2310028076172)
1177	153.16032909407144 *** (171.82582092285156, 156.01425170898438)
1178	189.54164707919418 *** (173.4635772705078, 176.7557830810547)
1179	167.33410627736257 *** (182.26222229003906, 177.14112854003906)
1180	167.86449894448506 *** (172.82131958007812, 178.65219116210938)
Eval! ***  183.61120172868104
Networks Saved!
1181	126.33098559567797 *** (199.70272827148438, 197.04222106933594)
1182	212.09495250184497 *** (154.179931640625, 154.42298889160156)
1183	176.46114608585307 *** (197.407958984375, 196.3365020751953)
1184	219.50072543886188 *** (183.94386291503906, 177.94268798828125)
1185	172.03634608488716 *** (180.0609130859375, 180.84359741210938)
Eval! ***  158.01104661977473
1186	162.7268871231184 *** (188.82066345214844, 180.95138549804688)
1187	197.87542057328125 *** (188.48931884765625, 193.0365753173828)
1188	158.11292589062708 *** (168.50563049316406, 175.37353515625)
1189	150.87858889739604 *** (191.7066650390625, 201.88645935058594)
1190	202.03465142060642 *** (192.292236328125, 192.16201782226562)
Eval! ***  164.93344206771275
Networks Saved!
1191	129.34322549505748 *** (191.1292266845703, 158.38409423828125)
1192	132.2318345650464 *** (176.39102172851562, 152.77780151367188)
1193	166.57399289482032 *** (164.59678649902344, 160.03565979003906)
1194	188.1939765073459 *** (162.2255859375, 171.27418518066406)
1195	191.0105621652426 *** (173.99639892578125, 182.288818359375)
Eval! ***  232.10565797234185
1196	230.6916108200645 *** (193.72254943847656, 177.30186462402344)
1197	173.72519319652622 *** (165.16624450683594, 169.30857849121094)
1198	144.71606030815136 *** (146.13124084472656, 158.8764190673828)
1199	66.17746043753601 *** (151.03688049316406, 150.3976287841797)
1200	187.9289352045631 *** (159.14987182617188, 155.99884033203125)
Eval! ***  157.05223026468715
Networks Saved!
1201	129.04041036342974 *** (157.06761169433594, 163.27362060546875)
1202	153.83582117314057 *** (141.5127716064453, 150.66104125976562)
1203	180.1915598401071 *** (162.122314453125, 157.66409301757812)
1204	172.97063846304297 *** (148.1180419921875, 149.6681671142578)
1205	198.18371521375354 *** (156.2792205810547, 162.5402374267578)
Eval! ***  149.28799930832207
1206	235.34890294927476 *** (142.3799285888672, 129.14962768554688)
1207	190.27114545072357 *** (149.88088989257812, 150.0846710205078)
1208	180.53378115490506 *** (176.60882568359375, 161.8481903076172)
1209	179.74598537981814 *** (143.8447265625, 137.55067443847656)
1210	172.25360968341428 *** (163.62564086914062, 149.5634002685547)
Eval! ***  203.88497107928438
Networks Saved!
1211	204.20800891419395 *** (153.73155212402344, 150.9224090576172)
1212	211.1040064255956 *** (149.79879760742188, 159.83775329589844)
1213	184.587032383779 *** (160.2219696044922, 164.9223175048828)
1214	163.18666430273228 *** (177.7716827392578, 174.3245086669922)
1215	201.82654452793804 *** (184.53932189941406, 168.0164031982422)
Eval! ***  142.0254186767812
1216	170.96330277473146 *** (157.18701171875, 164.9159393310547)
1217	154.05800994918457 *** (175.472412109375, 172.561767578125)
1218	191.9010167620988 *** (162.42202758789062, 177.27098083496094)
1219	203.9368934165411 *** (166.5628662109375, 168.6951141357422)
1220	170.27652673797783 *** (164.20751953125, 163.2665252685547)
Eval! ***  150.83927240139866
Networks Saved!
1221	166.3849001704842 *** (171.07603454589844, 174.0640869140625)
1222	171.8668871971561 *** (157.8283233642578, 161.6909637451172)
1223	166.53257004073237 *** (166.11570739746094, 168.34335327148438)
1224	200.87300936067618 *** (183.8329620361328, 172.82403564453125)
1225	184.12505879776072 *** (163.46484375, 160.2495880126953)
Eval! ***  188.16236085127989
1226	194.51959823845445 *** (155.7942657470703, 154.44857788085938)
1227	180.23947014472645 *** (161.963134765625, 160.1992645263672)
1228	155.6706696097226 *** (166.80433654785156, 167.65660095214844)
1229	186.01094026084797 *** (156.1110382080078, 150.47044372558594)
1230	188.0771645717445 *** (162.8478240966797, 159.71214294433594)
Eval! ***  149.67475170175734
Networks Saved!
1231	164.2716865070738 *** (165.94891357421875, 161.5630645751953)
1232	157.1373303140106 *** (166.26620483398438, 169.99305725097656)
1233	131.32726706526302 *** (165.804443359375, 168.04092407226562)
1234	193.7781031223193 *** (162.0989990234375, 163.93650817871094)
1235	167.68001560446393 *** (175.05763244628906, 167.29586791992188)
Eval! ***  163.98768330330574
1236	162.74034774033305 *** (170.92300415039062, 169.32669067382812)
1237	230.66568913210378 *** (189.41986083984375, 187.73953247070312)
1238	166.20814986038565 *** (164.25253295898438, 172.4879150390625)
1239	73.5676364873361 *** (181.1306915283203, 190.87416076660156)
1240	197.30023714125517 *** (167.39678955078125, 165.16207885742188)
Eval! ***  166.83935716611498
Networks Saved!
1241	164.7072790774968 *** (175.8632354736328, 184.03366088867188)
1242	72.2512621490454 *** (182.32003784179688, 166.18629455566406)
1243	211.61590810302525 *** (161.13528442382812, 160.1299591064453)
1244	140.23566535478386 *** (148.02418518066406, 147.57574462890625)
1245	168.19655184574793 *** (162.8965301513672, 168.13890075683594)
Eval! ***  163.498372917409
1246	184.10580785676115 *** (153.72171020507812, 151.18951416015625)
1247	204.8754353210371 *** (156.91485595703125, 158.413330078125)
1248	198.43927939386825 *** (156.3763427734375, 155.09075927734375)
1249	196.24456640054504 *** (146.59559631347656, 143.66371154785156)
1250	175.6529328959835 *** (149.77235412597656, 146.8871307373047)
Eval! ***  143.92350330115644
Networks Saved!
1251	157.7608461491011 *** (147.67843627929688, 143.7103729248047)
1252	159.53921251413126 *** (144.2267608642578, 146.8007049560547)
1253	135.98064058763035 *** (147.19439697265625, 148.7788848876953)
1254	167.3471714228913 *** (153.30648803710938, 145.67762756347656)
1255	165.30935610639824 *** (143.47149658203125, 146.24427795410156)
Eval! ***  156.42405660835945
1256	153.39811838323382 *** (156.1494598388672, 145.70704650878906)
1257	158.29728748904256 *** (149.5375213623047, 147.95208740234375)
1258	182.5975626170842 *** (152.75802612304688, 148.1118927001953)
1259	155.60770516178374 *** (151.24874877929688, 154.7096405029297)
1260	175.31862606808173 *** (151.31813049316406, 151.62362670898438)
Eval! ***  160.81989111889177
Networks Saved!
1261	164.02264455594485 *** (145.37184143066406, 144.9773712158203)
1262	194.36658390501887 *** (150.34085083007812, 158.169189453125)
1263	179.88939769297264 *** (155.6909942626953, 152.23170471191406)
1264	152.5634319915367 *** (150.77992248535156, 161.08059692382812)
1265	187.92136932137484 *** (146.45394897460938, 139.5149383544922)
Eval! ***  158.01294769460375
1266	195.46698547914772 *** (154.6771240234375, 148.33924865722656)
1267	145.80903322087357 *** (162.55288696289062, 145.69886779785156)
1268	159.13709072341098 *** (149.3944549560547, 145.46644592285156)
1269	177.60617622313754 *** (150.1811065673828, 145.10845947265625)
1270	170.78386109074356 *** (150.2123565673828, 150.98062133789062)
Eval! ***  164.23677811984624
Networks Saved!
1271	163.80544044230408 *** (130.2985076904297, 130.93984985351562)
1272	163.37729645710013 *** (132.6482696533203, 127.80154418945312)
1273	172.716283589472 *** (146.33172607421875, 149.51808166503906)
1274	115.6246750367611 *** (136.01876831054688, 145.01661682128906)
1275	139.84296978221624 *** (149.97854614257812, 153.54916381835938)
Eval! ***  115.01762028360177
1276	121.34337590162203 *** (135.57786560058594, 132.1675567626953)
1277	137.76417374380154 *** (145.53707885742188, 145.02313232421875)
1278	131.35422809818567 *** (142.82044982910156, 138.38934326171875)
1279	169.57060900075822 *** (139.71395874023438, 141.288330078125)
1280	191.51906042234907 *** (135.6173095703125, 141.2364959716797)
Eval! ***  190.15458742268632
Networks Saved!
1281	174.98534063038957 *** (153.64649963378906, 149.65313720703125)
1282	144.04503771037508 *** (136.6792755126953, 131.5812530517578)
1283	136.70734372942883 *** (139.71189880371094, 134.96836853027344)
1284	152.15384657813092 *** (146.5852508544922, 149.71395874023438)
1285	166.09461822696457 *** (143.50588989257812, 137.98936462402344)
Eval! ***  169.00628322647665
1286	194.486953058172 *** (137.63352966308594, 146.49468994140625)

