/home/duju/cd2018-2,p3.5/bin/python3 /home/duju/animal_ai_olympics/duju_animal_ai_olympics/SAC_base/discrete_conv_dm_experiment.py
Conv_Discrete_SAC_black_and_white_32_q1_only_skip2
input channel size :  3
fc input size :  384
input channel size :  3
fc input size :  384
1	21.09402249143512 *** (3.3691656589508057, 3.526289224624634)
2	27.487493386758338 *** (6.213013648986816, 5.878198623657227)
3	24.21800538071113 *** (10.647047996520996, 10.907672882080078)
4	42.222157203323476 *** (13.77559757232666, 13.367684364318848)
5	13.931782945823182 *** (17.35410499572754, 16.249088287353516)
Eval! ***  156.29074091945614
6	72.99103977283609 *** (22.4969482421875, 22.9260311126709)
7	65.15435238471665 *** (28.41507339477539, 30.166078567504883)
8	21.860757778712404 *** (30.549259185791016, 30.23690414428711)
9	26.169931585774638 *** (38.29936218261719, 38.69737243652344)
10	9.524272081344963 *** (44.332244873046875, 43.10966873168945)
Eval! ***  153.52042585626702
Networks Saved!
11	40.99460740982157 *** (39.81052017211914, 41.3773078918457)
12	31.836227487113895 *** (48.02232360839844, 46.64257049560547)
13	12.999534274514502 *** (60.4294548034668, 54.396087646484375)
14	34.84547419656576 *** (53.40486145019531, 53.09726333618164)
15	33.508428858988694 *** (47.16993713378906, 50.35902404785156)
Eval! ***  258.44529345315266
16	23.253868071939223 *** (75.86616516113281, 75.69229888916016)
17	11.482864190294306 *** (66.71097564697266, 65.96927642822266)
18	54.369460280463954 *** (75.756103515625, 71.26141357421875)
19	54.418317960655244 *** (78.38770294189453, 83.02435302734375)
20	76.21843995685975 *** (78.97932434082031, 75.58482360839844)
Eval! ***  68.47526358380534
Networks Saved!
21	66.29264198750683 *** (77.4248275756836, 77.77279663085938)
22	28.550841224256857 *** (99.0941390991211, 96.19020080566406)
23	29.360847438721304 *** (79.08238983154297, 78.57329559326172)
24	20.24975214117813 *** (80.15258026123047, 80.00775909423828)
25	19.148484368014422 *** (86.33084869384766, 85.13098907470703)
Eval! ***  75.79888373212265
26	42.037180302646796 *** (90.66748046875, 88.9168701171875)
27	13.297401541301985 *** (98.24421691894531, 97.94673156738281)
28	20.39244643502463 *** (121.49788665771484, 122.8400650024414)
29	8.604024703394765 *** (86.49785614013672, 77.03876495361328)
30	20.049261082406993 *** (97.72207641601562, 95.9349136352539)
Eval! ***  79.16830403001838
Networks Saved!
31	18.12080106744437 *** (99.32392883300781, 103.28749084472656)
32	50.8105040066984 *** (97.49791717529297, 91.58208465576172)
33	11.55824129340299 *** (79.10041046142578, 82.31014251708984)
34	25.502367351747814 *** (139.5000762939453, 139.4288787841797)
35	85.04756598256061 *** (118.77711486816406, 121.83358764648438)
Eval! ***  156.3725520912797
36	45.589868449536176 *** (116.18441772460938, 120.98011779785156)
37	30.050793975900522 *** (115.2704849243164, 112.239501953125)
38	57.7715803672906 *** (110.99463653564453, 117.28079223632812)
39	46.848311893100174 *** (147.86424255371094, 143.16180419921875)
40	108.48527798375054 *** (104.62096405029297, 116.01548767089844)
Eval! ***  152.78511943362682
Networks Saved!
41	25.554744961243433 *** (129.5857391357422, 117.32569122314453)
42	9.189277900400407 *** (117.2516098022461, 128.44256591796875)
43	70.45602425609408 *** (96.5661849975586, 103.30337524414062)
44	58.49836555699238 *** (118.13819885253906, 110.80018615722656)
45	118.53683181364254 *** (129.108154296875, 124.93494415283203)
Eval! ***  155.62510102452725
46	74.07949571128823 *** (127.36090850830078, 139.33758544921875)
47	65.00787451054045 *** (119.01957702636719, 114.79041290283203)
48	55.00123241262473 *** (114.81954193115234, 110.87398529052734)
49	34.65890551189807 *** (107.95003509521484, 113.22283935546875)
50	49.80338270742979 *** (129.17770385742188, 135.2146759033203)
Eval! ***  180.89915871604592
Networks Saved!
51	183.56783188425848 *** (159.63436889648438, 145.7626953125)
52	167.6108354149885 *** (163.43923950195312, 168.98526000976562)
53	131.17459450789815 *** (129.74362182617188, 128.0061492919922)
54	127.48556342964893 *** (154.28903198242188, 156.5872039794922)
55	161.7371065475265 *** (114.48664855957031, 132.7657012939453)
Eval! ***  130.5600308376074
56	84.29950032357723 *** (169.48480224609375, 141.76649475097656)
57	154.5049077881431 *** (181.71258544921875, 194.75689697265625)
58	44.757494511106735 *** (138.9487762451172, 96.77420043945312)
59	83.22920010865049 *** (167.66583251953125, 154.74497985839844)
60	75.08867361759016 *** (121.2557373046875, 125.11495971679688)
Eval! ***  160.5800034518644
Networks Saved!
61	157.67261290399105 *** (215.5597686767578, 208.50909423828125)
62	82.34982885063377 *** (260.8459777832031, 221.09170532226562)
63	84.68260795064032 *** (155.19973754882812, 172.0792694091797)
64	23.240425202029822 *** (186.07681274414062, 184.30154418945312)
65	9.29740882912885 *** (154.59840393066406, 205.30445861816406)
Eval! ***  112.24918381585258
66	23.247022359115352 *** (199.20726013183594, 171.052490234375)
67	26.017663849125373 *** (192.97000122070312, 184.88003540039062)
68	20.613361825095133 *** (213.5299072265625, 207.79306030273438)
69	12.897225544610244 *** (205.6818084716797, 189.54251098632812)
70	45.38961869447615 *** (185.1117401123047, 222.78176879882812)
Eval! ***  176.75350433105518
Networks Saved!
71	64.23249625077614 *** (249.95399475097656, 270.9137268066406)
72	52.76742606067185 *** (244.06893920898438, 280.7940368652344)
73	37.86039585377251 *** (227.81503295898438, 216.00177001953125)
74	81.91603382387947 *** (334.63946533203125, 257.817626953125)
75	28.939025126992792 *** (212.37332153320312, 202.34097290039062)
Eval! ***  153.5879384534961
76	27.716260554267638 *** (183.76368713378906, 181.50469970703125)
77	78.70045062555559 *** (216.39291381835938, 207.4683380126953)
78	24.076876366354096 *** (234.80108642578125, 218.4212188720703)
79	66.62975979155594 *** (184.10946655273438, 198.09573364257812)
80	20.573522886343596 *** (156.19976806640625, 185.243408203125)
Eval! ***  128.27607317807193
Networks Saved!
81	94.25293590568792 *** (112.27247619628906, 152.411376953125)
82	35.83382744673718 *** (225.77593994140625, 250.88816833496094)
83	54.296889370407 *** (216.56497192382812, 173.94888305664062)
84	27.138800018591184 *** (260.64532470703125, 154.1894073486328)
85	120.50956677013293 *** (147.9032440185547, 120.59306335449219)
Eval! ***  56.32763960145625
86	25.691213268814437 *** (208.80136108398438, 193.00814819335938)
87	122.99160978217199 *** (157.5405731201172, 167.7073211669922)
88	145.0190494686365 *** (53.143707275390625, 49.91746139526367)
89	105.12325773860978 *** (160.99215698242188, 145.14617919921875)
90	27.168338850317056 *** (116.19078063964844, 103.99000549316406)
Eval! ***  132.93819530035
Networks Saved!
91	11.626261348389319 *** (78.03451538085938, 65.36601257324219)
92	100.12568759926305 *** (80.935791015625, 75.87804412841797)
93	53.621516324808674 *** (84.1297836303711, 93.20137023925781)
94	61.77670824976958 *** (120.97085571289062, 107.7485580444336)
95	114.86106209833532 *** (77.43244171142578, 75.22262573242188)
Eval! ***  103.09528831010438
96	50.88704654020704 *** (128.2493133544922, 117.20703125)
97	72.3274176862332 *** (77.04920959472656, 69.71270751953125)
98	127.55653937086055 *** (133.61085510253906, 105.40467071533203)
99	63.922138300498084 *** (153.15879821777344, 143.11361694335938)
100	127.90162022460032 *** (140.99874877929688, 110.05085754394531)
Eval! ***  158.3810546961979
Networks Saved!
101	26.182780871237824 *** (86.0631332397461, 86.23955535888672)
102	114.50464269681225 *** (123.46806335449219, 133.9208526611328)
103	20.07623477231209 *** (144.87881469726562, 158.32423400878906)
104	47.99809433824015 *** (79.47946166992188, 72.80323028564453)
105	59.156897013622164 *** (127.0717544555664, 104.6400375366211)
Eval! ***  325.86284026552835
106	53.36575955343705 *** (89.83112335205078, 93.80146026611328)
107	31.91613905235498 *** (109.61988067626953, 100.3372573852539)
108	73.87676876091692 *** (107.34683227539062, 101.4371566772461)
109	75.84467737325645 *** (114.12074279785156, 111.6719741821289)
110	10.64427022473047 *** (139.28350830078125, 140.9158477783203)
Eval! ***  142.32067823441173
Networks Saved!
111	9.078068588919848 *** (96.16324615478516, 95.86043548583984)
112	121.60420382304909 *** (96.26828002929688, 101.44304656982422)
113	196.24283131190947 *** (136.2102813720703, 146.3341522216797)
114	50.22590688814373 *** (98.76288604736328, 111.30970001220703)
115	44.020674417915224 *** (109.71063232421875, 110.01228332519531)
Eval! ***  170.62467538593972
116	216.14065030432295 *** (90.24768829345703, 93.09857177734375)
117	82.16154942794279 *** (117.33780670166016, 115.10514831542969)
118	5.298057556883617 *** (110.22528839111328, 92.51165771484375)
119	91.20964044817136 *** (134.20779418945312, 136.8192596435547)
120	35.71316008482246 *** (113.7037582397461, 108.63237762451172)
Eval! ***  156.53733951874102
Networks Saved!
121	37.35971325401934 *** (109.56541442871094, 100.34971618652344)
122	66.34508483695421 *** (135.0605926513672, 133.58639526367188)
123	137.46992075393896 *** (143.81256103515625, 134.6960906982422)
124	197.8107498988106 *** (133.18429565429688, 129.31483459472656)
125	12.288547413706477 *** (143.6864013671875, 155.97015380859375)
Eval! ***  154.1944445578932
126	97.98761737712306 *** (132.52227783203125, 133.64019775390625)
127	44.982446757662295 *** (112.12627410888672, 100.38256072998047)
128	217.08714207630103 *** (129.7271270751953, 129.00277709960938)
129	180.93140246792845 *** (152.85267639160156, 163.0817108154297)
130	96.58474280892354 *** (139.18539428710938, 136.57928466796875)
Eval! ***  161.163677616969
Networks Saved!
131	103.7517132835527 *** (146.02053833007812, 138.7048797607422)
132	262.34169575955104 *** (127.96749114990234, 129.61648559570312)
133	120.00261366823197 *** (139.24134826660156, 129.5005645751953)
134	220.27897142717973 *** (127.77737426757812, 150.01422119140625)
135	185.83425573645596 *** (138.97976684570312, 137.37403869628906)
Eval! ***  174.24405151163523
136	187.29580813455186 *** (169.0026397705078, 167.35507202148438)
137	218.519705204808 *** (142.59793090820312, 141.44271850585938)
138	96.49432089206937 *** (166.8113555908203, 158.2870330810547)
139	302.6890621008369 *** (165.4222412109375, 166.80551147460938)
140	209.31201856142522 *** (175.1383514404297, 170.48655700683594)
Eval! ***  121.88334598448604
Networks Saved!
141	155.80206342354964 *** (161.02391052246094, 165.37013244628906)
142	182.71529636589742 *** (169.17816162109375, 186.94851684570312)
143	137.54954627974658 *** (172.91810607910156, 169.2727813720703)
144	162.25267698198383 *** (178.53529357910156, 189.4446258544922)
145	173.57804107442013 *** (159.81591796875, 148.83641052246094)
Eval! ***  206.18832796830338
146	74.5882780205591 *** (150.5150604248047, 165.9864959716797)
147	131.79846613661215 *** (159.0983123779297, 154.2945556640625)
148	223.2423963321424 *** (159.63168334960938, 150.55921936035156)
149	171.31019504692102 *** (143.02345275878906, 155.45693969726562)
150	148.7301649814033 *** (148.4729766845703, 158.6416778564453)
Eval! ***  43.57071103578584
Networks Saved!
151	203.55602390851948 *** (120.04106140136719, 120.2257308959961)
152	198.07849277860157 *** (182.0167236328125, 179.0718994140625)
153	145.87270457507606 *** (225.73329162597656, 224.9436492919922)
154	293.13860592365336 *** (194.33615112304688, 229.2618865966797)
155	153.70601158537437 *** (250.19537353515625, 219.35621643066406)
Eval! ***  161.59831561663208
156	147.27445497474716 *** (138.7141571044922, 144.2806854248047)
157	177.07526814214248 *** (189.65982055664062, 185.0365753173828)
158	121.30641391353954 *** (186.1942138671875, 196.66964721679688)
159	188.936657543633 *** (183.53890991210938, 182.78811645507812)
160	144.09316985574822 *** (141.8141326904297, 137.41380310058594)
Eval! ***  156.38782873824942
Networks Saved!
161	171.86179482230307 *** (175.0426483154297, 173.90200805664062)
162	178.90489783951327 *** (160.07498168945312, 160.1015625)
163	157.2501215642266 *** (201.46649169921875, 207.1042022705078)
164	191.3665889882855 *** (168.9304656982422, 141.3634033203125)
165	154.4445277201242 *** (178.00357055664062, 197.01559448242188)
Eval! ***  157.2002632506835
166	140.71067745658357 *** (183.32997131347656, 176.81216430664062)
167	160.4634404339787 *** (148.23912048339844, 147.4713134765625)
168	149.9773636156858 *** (194.19027709960938, 185.8000946044922)
169	154.36988948481638 *** (168.7253875732422, 163.0108184814453)
170	137.19086822119823 *** (158.5597381591797, 163.34471130371094)
Eval! ***  192.5010715509721
Networks Saved!
171	146.8159025451729 *** (151.04220581054688, 164.1356658935547)
172	154.11223172014004 *** (194.9768524169922, 196.87335205078125)
173	158.9168572119266 *** (173.58990478515625, 187.42489624023438)
174	27.591268395204118 *** (156.10382080078125, 153.4306182861328)
175	140.0672132327896 *** (166.92420959472656, 173.1352996826172)
Eval! ***  197.9975104904891
176	137.68511897454846 *** (143.9429931640625, 147.5363006591797)
177	213.3913173390909 *** (211.47821044921875, 181.35519409179688)
178	165.93458177764666 *** (173.69186401367188, 193.85479736328125)
179	148.15317410523974 *** (173.0907440185547, 161.73843383789062)
180	18.546234140217166 *** (152.55447387695312, 172.7832794189453)
Eval! ***  154.29524886034065
Networks Saved!
181	147.34083967219274 *** (171.2139892578125, 164.7669677734375)
182	148.04513790803912 *** (173.66635131835938, 181.95584106445312)
183	134.78985647885438 *** (167.320068359375, 156.48983764648438)
184	154.90865017114285 *** (162.29669189453125, 133.3159942626953)
185	184.74850281721584 *** (151.90499877929688, 148.9890899658203)
Eval! ***  159.58795122328146
186	170.35851754116598 *** (162.9337158203125, 152.94461059570312)
187	152.05753518225407 *** (143.45777893066406, 137.590087890625)
188	253.05626720740335 *** (146.37864685058594, 171.94854736328125)
189	90.80011264802567 *** (147.88902282714844, 153.76541137695312)
190	163.2757594896428 *** (66.449462890625, 73.0804214477539)
Eval! ***  172.20311474979246
Networks Saved!
191	136.1445650169976 *** (140.70106506347656, 145.9258270263672)
192	139.98907217939419 *** (115.5155258178711, 119.40846252441406)
193	158.46393009322912 *** (132.02566528320312, 129.82830810546875)
194	236.1533307639159 *** (119.21920013427734, 132.8066864013672)
195	147.76644925263338 *** (147.28904724121094, 146.39036560058594)
Eval! ***  221.14131712320912
196	145.12594382047254 *** (143.1977081298828, 140.20071411132812)
197	180.15011412208585 *** (143.8438262939453, 141.14907836914062)
198	180.47631754637112 *** (132.044677734375, 134.6670379638672)
199	183.22665039951366 *** (196.4834442138672, 198.96487426757812)
200	168.4659635738949 *** (167.7849578857422, 172.81112670898438)
Eval! ***  25.971345168841513
Networks Saved!
201	32.253293866166956 *** (139.9133758544922, 142.4810028076172)
202	159.58624260637353 *** (196.70947265625, 175.40048217773438)
203	156.30205566285304 *** (160.55567932128906, 186.63856506347656)
204	152.10239816523963 *** (104.48660278320312, 114.08014678955078)
205	4.101130046847423 *** (165.48731994628906, 158.0455322265625)
Eval! ***  15.335889897224325
206	77.14246547173126 *** (194.98721313476562, 178.15377807617188)
207	25.12937163209282 *** (206.30426025390625, 198.22567749023438)
208	54.71559414647258 *** (213.5445098876953, 223.2170867919922)
209	58.84526977431998 *** (141.85459899902344, 150.3020782470703)
210	154.5532399370658 *** (177.76345825195312, 203.4928436279297)
Eval! ***  113.30261723679085
Networks Saved!
211	135.15859889578718 *** (176.27882385253906, 191.9138946533203)
212	106.81598989231972 *** (162.01136779785156, 157.39886474609375)
213	194.2539795031426 *** (142.7339324951172, 134.0393524169922)
214	51.97442560803844 *** (168.7314910888672, 120.02069854736328)
215	134.4650338470932 *** (105.69990539550781, 120.14457702636719)
Eval! ***  151.5001852917606
216	204.2431530836671 *** (101.76632690429688, 102.01766967773438)
217	123.97444119733348 *** (120.5466537475586, 123.12208557128906)
218	162.09406628964015 *** (110.37390899658203, 115.15467071533203)
219	39.25082895457842 *** (132.5826873779297, 127.36385345458984)
220	82.15488348689476 *** (97.24427795410156, 84.47984313964844)
Eval! ***  262.2685540936678
Networks Saved!
221	213.04774309448436 *** (134.6274871826172, 130.98114013671875)
222	19.804048565675487 *** (146.45458984375, 136.06468200683594)
223	176.0346666132675 *** (147.79086303710938, 142.00518798828125)
224	21.566876714579283 *** (134.89073181152344, 132.8634033203125)
225	83.82945794293518 *** (115.40472412109375, 122.31488037109375)
Eval! ***  281.0002383791795
226	184.02457162405614 *** (158.14735412597656, 154.63885498046875)
227	83.9854922484376 *** (145.46981811523438, 153.81790161132812)
228	209.2685970463403 *** (149.55970764160156, 137.1000213623047)
229	179.36746542579223 *** (141.4148712158203, 150.572021484375)
230	179.00592845981438 *** (147.527099609375, 147.6265411376953)
Eval! ***  189.1574284517413
Networks Saved!
231	169.02241595860104 *** (154.79161071777344, 160.42559814453125)
232	254.85286227861863 *** (112.16110229492188, 102.74005889892578)
233	198.19337542696337 *** (154.00340270996094, 146.0619354248047)
234	189.84933397294674 *** (133.35638427734375, 135.9771270751953)
235	154.63561856316457 *** (138.0944366455078, 140.32859802246094)
Eval! ***  174.06534924872756
236	158.40113313719868 *** (141.27578735351562, 143.4454345703125)
237	179.87235402327676 *** (146.47576904296875, 144.7231903076172)
238	50.20249994505011 *** (141.5245819091797, 130.7766571044922)
239	20.13585131586261 *** (124.56792449951172, 119.39232635498047)
240	158.8917531080731 *** (122.83748626708984, 129.89015197753906)
Eval! ***  99.66546529182892
Networks Saved!
241	105.7783292416167 *** (137.00070190429688, 135.22410583496094)
242	71.42091418074122 *** (170.24513244628906, 167.42860412597656)
243	121.61285724448987 *** (174.22006225585938, 171.61199951171875)
244	45.923686318134784 *** (192.3211669921875, 184.7467803955078)
245	108.91785391748303 *** (142.552490234375, 145.22659301757812)
Eval! ***  90.14861952030448
246	5.523051350318086 *** (173.73439025878906, 177.02691650390625)
247	27.739041034841133 *** (193.886962890625, 191.73509216308594)
248	73.78134328132506 *** (190.87271118164062, 204.0845947265625)
249	8.876175862251523 *** (209.68923950195312, 190.36582946777344)
250	140.85983313677764 *** (188.09393310546875, 195.879150390625)
Eval! ***  187.00557313352763
Networks Saved!
251	221.30053085075943 *** (199.94586181640625, 204.48541259765625)
252	149.16718055525715 *** (130.11785888671875, 121.84404754638672)
253	9.440710410652528 *** (204.85968017578125, 205.18789672851562)
254	91.28235316029212 *** (182.54876708984375, 177.86866760253906)
255	102.79933110483536 *** (179.32586669921875, 181.919677734375)
Eval! ***  262.0607162705871
256	38.547172856574996 *** (162.73463439941406, 165.40602111816406)
257	85.04152574416247 *** (156.6630401611328, 160.66879272460938)
258	57.22912112690085 *** (157.11965942382812, 152.64585876464844)
259	174.27748215739624 *** (161.3531494140625, 158.27264404296875)
260	160.74692071978066 *** (160.89678955078125, 167.0295867919922)
Eval! ***  152.60786276990348
Networks Saved!
261	160.5467697205341 *** (126.74858093261719, 146.0354461669922)
262	143.84433665524412 *** (170.37120056152344, 163.9407958984375)
263	209.84819516967625 *** (137.9326934814453, 133.71315002441406)
264	203.9026105638216 *** (167.41075134277344, 182.94793701171875)
265	44.336360443650456 *** (157.99246215820312, 157.15045166015625)
Eval! ***  141.09463970430903
266	141.2570842592313 *** (185.5867919921875, 204.8653106689453)
267	231.81140574752052 *** (198.74612426757812, 204.66848754882812)
268	166.54540454113246 *** (221.71307373046875, 209.67506408691406)
269	154.69938059884265 *** (200.00506591796875, 212.95396423339844)
270	229.3104770389398 *** (212.56170654296875, 202.26060485839844)
Eval! ***  181.83917232069558
Networks Saved!
271	220.88249455491948 *** (107.08211517333984, 114.85765838623047)
272	165.0486322010572 *** (208.77296447753906, 214.8681182861328)
273	190.4693868759088 *** (169.88621520996094, 184.75216674804688)
274	196.77650607251076 *** (187.69512939453125, 203.84715270996094)
275	190.9735180520784 *** (178.65829467773438, 188.2963104248047)
Eval! ***  236.01131656590195
276	180.61441230333728 *** (185.75465393066406, 178.2504425048828)
277	6.970808754576686 *** (207.77426147460938, 208.40647888183594)
278	218.9806985600571 *** (206.12583923339844, 202.7667236328125)
279	171.41688422098667 *** (213.29812622070312, 214.21368408203125)
280	153.23035048876758 *** (203.7815399169922, 199.09959411621094)
Eval! ***  165.9987319233259
Networks Saved!
281	132.4947194140568 *** (210.41400146484375, 212.6061248779297)
282	180.54946807473289 *** (216.24229431152344, 208.69537353515625)
283	83.08762296958163 *** (216.4976043701172, 211.99473571777344)
284	135.02888799768857 *** (238.87451171875, 234.87149047851562)
285	36.91592454097703 *** (251.82102966308594, 249.4092254638672)
Eval! ***  124.9657383262085
286	84.95001459733642 *** (257.0726623535156, 243.0325164794922)
287	60.514164301817615 *** (262.4934997558594, 245.34390258789062)
288	76.01369598572825 *** (283.7691955566406, 267.7400817871094)
289	52.35082503544497 *** (213.33628845214844, 210.114990234375)
290	176.7462531485856 *** (246.6012420654297, 249.78684997558594)
Eval! ***  162.96015174717226
Networks Saved!
291	52.81682660432696 *** (267.9034423828125, 262.3579406738281)
292	17.355642275437074 *** (198.0028076171875, 202.16966247558594)
293	50.17308434947193 *** (251.1603240966797, 246.99679565429688)
294	39.10637711445604 *** (245.98944091796875, 234.27670288085938)
295	44.98916582979975 *** (221.0916290283203, 239.35482788085938)
Eval! ***  15.640476089328548
296	8.936801468652702 *** (217.79322814941406, 214.37767028808594)
297	182.93625617416518 *** (238.28623962402344, 226.81243896484375)
298	25.11058111263172 *** (180.4708251953125, 192.7587432861328)
299	155.46911580060765 *** (216.6678009033203, 217.3382110595703)
300	171.44234382824618 *** (209.58416748046875, 209.68069458007812)
Eval! ***  116.87027296051934
Networks Saved!
301	167.99346950484636 *** (227.0762176513672, 229.6385498046875)
302	143.31317712273844 *** (247.41001892089844, 229.13168334960938)
303	156.69205885675683 *** (238.16195678710938, 236.33030700683594)
304	142.86026900141883 *** (239.00624084472656, 227.65892028808594)
305	185.21445576442974 *** (242.35313415527344, 253.62127685546875)
Eval! ***  150.11678022997106
306	146.30250870262648 *** (248.82264709472656, 245.35325622558594)
307	182.45535571490478 *** (245.86268615722656, 223.75469970703125)
308	165.5196784771547 *** (210.11997985839844, 208.62693786621094)
309	270.0791089936183 *** (240.86419677734375, 237.88357543945312)
310	195.13827217676527 *** (218.53341674804688, 226.4340362548828)
Eval! ***  207.43970638466976
Networks Saved!
311	228.80283176983232 *** (190.7021484375, 192.66944885253906)
312	180.71337434076017 *** (209.445068359375, 225.30279541015625)
313	250.88408472825614 *** (223.3350372314453, 227.89144897460938)
314	191.087876128393 *** (212.7799530029297, 205.86158752441406)
315	244.59964827803194 *** (204.29226684570312, 202.9668426513672)
Eval! ***  146.35927183744823
316	130.5853259674129 *** (211.80148315429688, 202.94515991210938)
317	191.63036993911078 *** (223.87484741210938, 219.7881622314453)
318	172.67351127063577 *** (200.29734802246094, 204.80955505371094)
319	74.037894016239 *** (201.37496948242188, 211.97576904296875)
320	150.02824150661087 *** (219.32289123535156, 228.02955627441406)
Eval! ***  133.90062189291376
Networks Saved!
321	130.37576883085245 *** (200.17245483398438, 197.55496215820312)
322	125.02795469345388 *** (218.71905517578125, 227.34744262695312)
323	177.83521855205572 *** (231.74380493164062, 237.82318115234375)
324	104.5874321445087 *** (176.1664581298828, 185.90640258789062)
325	175.31873595495065 *** (252.59046936035156, 235.29653930664062)
Eval! ***  165.04519375544496
326	167.50440706466335 *** (237.74227905273438, 241.73582458496094)
327	156.00222263966498 *** (249.57061767578125, 250.27151489257812)
328	83.15106397959994 *** (227.9827423095703, 219.38809204101562)
329	160.5853279769535 *** (257.57403564453125, 244.66326904296875)
330	119.05466500038807 *** (253.81089782714844, 233.3917694091797)
Eval! ***  156.4779891371528
Networks Saved!
331	160.92265907335346 *** (244.95217895507812, 235.214111328125)
332	191.1274295003532 *** (238.65087890625, 250.59030151367188)
333	168.43568933050057 *** (214.38674926757812, 215.57754516601562)
334	105.02436890429958 *** (171.4379425048828, 168.142822265625)
335	13.448745248399824 *** (216.2085418701172, 209.94960021972656)
Eval! ***  0.06366561719696576
336	38.837285312261756 *** (211.35548400878906, 208.5791473388672)
337	264.67837807467606 *** (213.10606384277344, 221.8294219970703)
338	179.56417579096998 *** (192.00245666503906, 199.14305114746094)
339	125.37668091266315 *** (205.66094970703125, 209.41415405273438)
340	206.2842011567329 *** (166.11199951171875, 178.52798461914062)
Eval! ***  159.74024694108482
Networks Saved!
341	151.5975911073246 *** (223.44461059570312, 218.4416046142578)
342	188.59335735682555 *** (226.70899963378906, 236.48016357421875)
343	191.87626899408409 *** (214.10061645507812, 216.86851501464844)
344	189.24554105784517 *** (238.9844207763672, 250.2132568359375)
345	316.09081639113384 *** (250.21832275390625, 252.37245178222656)
Eval! ***  197.5761281258423
346	205.96441676694536 *** (266.3241882324219, 278.3221130371094)
347	134.15320110063212 *** (267.7834167480469, 263.2378845214844)
348	68.60004498637362 *** (246.7568359375, 228.7165069580078)
349	190.82648540404045 *** (201.52296447753906, 187.77960205078125)
350	169.0384010518807 *** (221.26718139648438, 224.4081573486328)
Eval! ***  111.95679402254164
Networks Saved!
351	137.66388698984005 *** (207.03182983398438, 163.18179321289062)
352	151.24532215765302 *** (190.3081512451172, 204.10012817382812)
353	136.4114671419504 *** (208.14517211914062, 206.396484375)
354	141.99455058885704 *** (233.9451141357422, 238.4848175048828)
355	181.049411784105 *** (213.80361938476562, 229.10353088378906)
Eval! ***  184.08664125212243
356	174.2268642876175 *** (205.4649200439453, 190.44029235839844)
357	197.2229200582622 *** (210.23489379882812, 207.07293701171875)
358	58.064500037130806 *** (198.64047241210938, 198.89808654785156)
359	172.58922369271937 *** (212.685791015625, 211.42405700683594)
360	117.01758499209383 *** (208.3361053466797, 223.65200805664062)
Eval! ***  180.76724981132907
Networks Saved!
361	206.2175332698918 *** (231.93040466308594, 238.87953186035156)
362	149.9651147058187 *** (235.13499450683594, 237.32933044433594)
363	154.22910728189981 *** (247.28778076171875, 237.320556640625)
364	0.06684205920944068 *** (244.8203582763672, 252.392822265625)
365	146.90044991637342 *** (212.41444396972656, 222.8628692626953)
Eval! ***  0.11087965325597629
366	64.21755480470307 *** (237.39239501953125, 234.34963989257812)
367	0.15163228060985667 *** (226.54010009765625, 225.75177001953125)
368	0.28762770398015225 *** (228.9800567626953, 228.13558959960938)
369	105.87652263013045 *** (254.87863159179688, 241.94009399414062)
370	80.71116185526401 *** (226.0535430908203, 230.34762573242188)
Eval! ***  225.23904918057482
Networks Saved!
371	231.01705101535526 *** (241.79136657714844, 239.55517578125)
372	185.7981523096096 *** (227.37014770507812, 226.14869689941406)
373	273.518255177706 *** (224.4086456298828, 207.39710998535156)
374	116.54820509915844 *** (188.0418701171875, 193.822509765625)
375	165.75155554189104 *** (198.1001434326172, 192.13714599609375)
Eval! ***  177.01552882287288
376	186.14291341823363 *** (189.99159240722656, 183.61227416992188)
377	107.5186211229377 *** (183.25006103515625, 201.84718322753906)
378	168.00292643045447 *** (188.42984008789062, 190.1505126953125)
379	103.33231645704939 *** (191.89096069335938, 195.6600799560547)
380	157.8065180583392 *** (190.13784790039062, 190.6926727294922)
Eval! ***  159.90549635395334
Networks Saved!
381	130.62273758818384 *** (217.71873474121094, 227.1977996826172)
382	144.6425548819757 *** (233.17633056640625, 234.56138610839844)
383	195.17466556825735 *** (232.0295867919922, 219.9309539794922)
384	179.23410335390375 *** (193.75421142578125, 185.67459106445312)
385	174.52709027455379 *** (229.26817321777344, 227.04428100585938)
Eval! ***  156.7851429599752
386	156.42638431506455 *** (213.9723663330078, 260.5429382324219)
387	147.1644614236092 *** (218.72874450683594, 221.11021423339844)
388	150.04503703575895 *** (247.447998046875, 240.34420776367188)
389	156.7422959456766 *** (222.62571716308594, 227.0760955810547)
390	143.6153527459237 *** (213.88040161132812, 217.22364807128906)
Eval! ***  179.44345829488722
Networks Saved!
391	160.8467771981293 *** (195.36856079101562, 192.00192260742188)
392	179.62329848477785 *** (198.01927185058594, 197.39329528808594)
393	140.9260209563437 *** (187.67491149902344, 189.3538360595703)
394	157.74448140889965 *** (204.25576782226562, 201.67532348632812)
395	130.785517529701 *** (211.49281311035156, 209.4699249267578)
Eval! ***  236.1854711589556
396	188.62331595569748 *** (219.03256225585938, 224.81063842773438)
397	162.32469175739217 *** (232.00320434570312, 236.9926300048828)
398	0.07497329827323193 *** (238.823974609375, 229.22381591796875)
399	107.1609263290327 *** (247.89419555664062, 248.5457763671875)
400	157.1212042997525 *** (269.6018981933594, 256.2161560058594)
Eval! ***  166.7308004984087
Networks Saved!
401	172.04942263455334 *** (234.59796142578125, 231.18191528320312)
402	109.65125097718537 *** (269.86407470703125, 272.1380920410156)
403	163.3341867150124 *** (261.2608337402344, 259.8115539550781)
404	100.77852267902999 *** (218.27308654785156, 207.32235717773438)
405	68.04989101476836 *** (252.6975555419922, 245.83139038085938)
Eval! ***  130.56852849267727
406	58.5563308320284 *** (246.31703186035156, 266.9144287109375)
407	107.53090965857503 *** (241.1323699951172, 230.19671630859375)
408	159.9539817920996 *** (218.8621368408203, 217.47862243652344)
409	83.40450042834041 *** (206.76171875, 196.9560089111328)
410	51.60964832989136 *** (202.0863494873047, 193.11135864257812)
Eval! ***  0.15849610934687045
Networks Saved!
411	129.04548053217087 *** (218.12326049804688, 228.5901641845703)
412	53.73264480445813 *** (199.61439514160156, 190.30685424804688)
413	93.07163820101047 *** (213.88941955566406, 212.93177795410156)
414	153.5522318561328 *** (210.83961486816406, 216.1125030517578)
415	16.7005783186191 *** (221.71670532226562, 212.5511016845703)
Eval! ***  157.6617531617038
416	77.47355343749152 *** (238.35791015625, 225.37045288085938)
417	192.13014774737397 *** (241.18211364746094, 232.2569580078125)
418	111.5274002478221 *** (245.39413452148438, 236.3524169921875)
419	206.8772935103766 *** (249.14913940429688, 248.96099853515625)
420	158.19388305429254 *** (253.02491760253906, 241.55288696289062)
Eval! ***  94.66364407193821
Networks Saved!
421	92.07931879207405 *** (166.1041717529297, 190.5323486328125)
422	149.74348620769018 *** (253.04617309570312, 247.61642456054688)
423	145.10577729359923 *** (212.94142150878906, 208.3297576904297)
424	165.22942571793277 *** (246.81788635253906, 235.92367553710938)
425	138.65692734478188 *** (273.99139404296875, 258.9206848144531)
Eval! ***  161.8293195463992
426	103.26813714001221 *** (246.4215850830078, 265.9453125)
427	251.55715666384185 *** (225.45069885253906, 233.03143310546875)
428	72.60440376369833 *** (222.26220703125, 227.44300842285156)
429	37.07186095802303 *** (212.26402282714844, 186.6883087158203)
430	65.49232440065671 *** (215.5531463623047, 220.957275390625)
Eval! ***  137.5305524592955
Networks Saved!
431	138.21654128426343 *** (181.23609924316406, 210.46466064453125)
432	151.96372125604867 *** (190.58938598632812, 187.61416625976562)
433	0.6572657354943938 *** (202.7407684326172, 196.6269073486328)
434	0.9795242401880331 *** (202.42527770996094, 200.58099365234375)
435	1.4747776241031427 *** (207.35215759277344, 194.04708862304688)
Eval! ***  0.7563137174962433
436	0.6957929226943976 *** (215.82992553710938, 205.27029418945312)
437	0.9966803899253898 *** (212.90736389160156, 210.1871337890625)
438	0.5290842986396707 *** (220.407958984375, 214.11915588378906)
439	1.185816565657171 *** (219.3603973388672, 210.00462341308594)
440	0.9429277213644466 *** (203.26025390625, 201.65927124023438)
Eval! ***  0.049974219715834746
Networks Saved!
441	0.17885414655300266 *** (211.7592315673828, 211.2449188232422)
442	0.15967719661098048 *** (140.60610961914062, 147.51809692382812)
443	0.9270466389407365 *** (189.80941772460938, 182.26881408691406)
444	0.7156516598599181 *** (187.27804565429688, 176.37994384765625)
445	26.79865928949505 *** (192.2680206298828, 178.99549865722656)
Eval! ***  1.1897977207797397
446	1.3154752949602928 *** (167.28057861328125, 189.87371826171875)
447	1.0263048905891934 *** (163.60328674316406, 157.17713928222656)
448	0.7480499784744278 *** (149.43173217773438, 150.5731658935547)
449	0.3080300202456459 *** (158.0655517578125, 161.42369079589844)
450	0.27892755379377243 *** (164.35972595214844, 151.92242431640625)
Eval! ***  0.9221488305183797
Networks Saved!
451	1.5018184214697143 *** (167.22476196289062, 176.97972106933594)
452	0.5689772682511859 *** (150.47894287109375, 149.92637634277344)
453	0.4633775043767169 *** (178.86407470703125, 190.78887939453125)
454	0.48062681903778476 *** (197.12088012695312, 185.26239013671875)
455	0.8688851939871473 *** (163.407470703125, 158.4683837890625)
Eval! ***  0.11095237143802496
456	169.60456705856245 *** (196.353271484375, 196.50918579101562)
457	79.74982940568029 *** (173.20144653320312, 173.32064819335938)
458	153.64197393553695 *** (188.9329376220703, 201.0287322998047)
459	41.6123910948343 *** (183.64137268066406, 189.0994873046875)
460	0.6503791392807691 *** (165.59703063964844, 164.0491943359375)
Eval! ***  165.15552271284395
Networks Saved!
461	188.8220358321883 *** (189.83856201171875, 195.18699645996094)
462	178.73104204743672 *** (150.71377563476562, 153.29087829589844)
463	169.05530333443883 *** (174.82679748535156, 157.92718505859375)
464	161.5216617682484 *** (177.04039001464844, 161.37841796875)
465	184.06839904814194 *** (167.64520263671875, 172.0535888671875)
Eval! ***  184.1628650384434
466	146.5742401704262 *** (155.56167602539062, 158.47019958496094)
467	183.25979423753301 *** (132.82522583007812, 133.36846923828125)
468	140.7530803493694 *** (162.46029663085938, 164.3525390625)
469	177.84304860112192 *** (152.1949920654297, 155.2133026123047)
470	176.38657579677863 *** (167.42678833007812, 168.545166015625)
Eval! ***  174.63570979523865
Networks Saved!
471	186.51542562155834 *** (157.00827026367188, 159.44296264648438)
472	145.72795898468055 *** (174.35494995117188, 172.69847106933594)
473	61.21462612294346 *** (184.15762329101562, 176.57708740234375)
474	34.84626428338585 *** (170.11097717285156, 156.68887329101562)
475	115.64750453547671 *** (226.59434509277344, 214.37857055664062)
Eval! ***  0.24563851314056537
476	20.13322954737832 *** (207.9939422607422, 208.3342742919922)
477	5.135249187459201 *** (219.4915008544922, 216.03553771972656)
478	8.881383800642855 *** (196.240234375, 202.2779083251953)
479	16.89524595992186 *** (195.7975616455078, 178.9810791015625)
480	0.5337844687253723 *** (219.6904754638672, 213.5340576171875)
Eval! ***  0.07652361019687305
Networks Saved!
481	0.4362149472059699 *** (173.51748657226562, 167.33534240722656)
482	40.59344260503073 *** (222.99685668945312, 198.54554748535156)
483	130.28082602825853 *** (212.67420959472656, 206.7024383544922)
484	0.8957230091754532 *** (206.78048706054688, 201.4300994873047)
485	4.290655300812384 *** (195.40431213378906, 195.544677734375)
Eval! ***  0.23357243572046038
486	193.3348204615646 *** (170.6875762939453, 187.66920471191406)
487	201.10441038693926 *** (184.56324768066406, 184.228271484375)
488	1.2319996254749264 *** (168.86468505859375, 185.1687469482422)
489	12.677931320303848 *** (171.8495635986328, 154.18858337402344)
490	155.0401849811459 *** (152.86537170410156, 155.0239715576172)
Eval! ***  100.12065635057363
Networks Saved!
491	28.585690248851368 *** (172.20021057128906, 170.83900451660156)
492	169.88993854554096 *** (165.4698028564453, 170.352294921875)
493	133.46680334151796 *** (169.30198669433594, 170.9257049560547)
494	137.50130449852594 *** (191.03125, 193.97100830078125)
495	94.27366265003396 *** (167.3939208984375, 174.49505615234375)
Eval! ***  0.09247648033256009
496	120.6177146654734 *** (201.49188232421875, 196.38656616210938)
497	211.46468522728404 *** (209.88954162597656, 189.31643676757812)
498	153.78700049015723 *** (206.44232177734375, 210.2270965576172)
499	161.55670896862947 *** (208.97630310058594, 212.5572967529297)
500	189.4474064989748 *** (195.09896850585938, 205.0313720703125)
Eval! ***  159.1508763822573
Networks Saved!
501	176.30822838481208 *** (209.84576416015625, 219.00164794921875)
502	161.90668701293924 *** (204.0441436767578, 203.83108520507812)
503	201.8531630664621 *** (200.86183166503906, 222.39242553710938)
504	182.01106423325365 *** (192.1309051513672, 199.0618438720703)
505	148.2608154673051 *** (193.98776245117188, 179.78700256347656)
Eval! ***  134.9763023838978
506	129.00337302291467 *** (165.9283447265625, 180.3119659423828)
507	184.2320657523043 *** (137.63267517089844, 137.67535400390625)
508	178.53065767413898 *** (136.8397674560547, 163.55130004882812)
509	179.71680063844715 *** (185.18472290039062, 192.68446350097656)
510	248.17439471191852 *** (162.07894897460938, 171.04637145996094)
Eval! ***  185.53704302985736
Networks Saved!
511	153.94493382913276 *** (159.35958862304688, 150.405517578125)
512	141.64234736414957 *** (173.8424530029297, 155.78819274902344)
513	179.5011517649597 *** (176.75637817382812, 168.3384552001953)
514	0.4756833423651852 *** (177.02798461914062, 180.3286590576172)
515	0.20590410640154905 *** (149.5390167236328, 152.9492645263672)
Eval! ***  0.620801360315515
516	14.869892636222625 *** (191.75514221191406, 178.6481170654297)
517	97.77044562690196 *** (159.53221130371094, 155.44430541992188)
518	13.691961161497572 *** (169.36073303222656, 164.34307861328125)
519	45.676547358808634 *** (187.65005493164062, 186.3836212158203)
520	0.4957112410761748 *** (156.2557830810547, 148.56602478027344)
Eval! ***  0.11159542263697705
Networks Saved!
521	0.3788384115107565 *** (194.2877655029297, 202.69467163085938)
522	0.10496901719055644 *** (88.02558898925781, 74.04853057861328)
523	1.6149308139387202 *** (87.5350112915039, 81.24008178710938)
524	0.6885903329023085 *** (133.2458038330078, 115.66419982910156)
525	0.6071201523186265 *** (75.25817108154297, 100.82257080078125)
Eval! ***  0.697877001664781
526	15.870778661317365 *** (74.77427673339844, 74.50194549560547)
527	44.13602647121658 *** (90.47249603271484, 78.46363067626953)
528	0.485559915364219 *** (87.86909484863281, 85.0750961303711)
529	70.77854096525977 *** (122.22249603271484, 120.3221435546875)
530	0.4632514609303427 *** (108.96668243408203, 107.90260314941406)
Eval! ***  0.10339295661255772
Networks Saved!
531	0.7793101312022611 *** (135.6560821533203, 130.33993530273438)
532	0.9719508355395773 *** (143.27069091796875, 184.29486083984375)
533	0.36002198924774464 *** (134.00106811523438, 145.46847534179688)
534	93.15847966273535 *** (150.2843780517578, 133.1967010498047)
535	45.682081871927465 *** (147.94696044921875, 140.6324920654297)
Eval! ***  2.133118582554708
536	44.154705833779644 *** (133.45669555664062, 125.97940826416016)
537	81.98791010477855 *** (129.70675659179688, 122.06521606445312)
538	66.4437563497669 *** (163.92657470703125, 157.19992065429688)
539	100.5403328573548 *** (97.19984436035156, 110.61521911621094)
540	135.6519826156016 *** (134.7115478515625, 148.19566345214844)
Eval! ***  0.7118645543085944
Networks Saved!
541	64.84292058998733 *** (161.29893493652344, 142.5166778564453)
542	22.173702663850047 *** (74.0887680053711, 75.78250885009766)
543	64.73897336048047 *** (138.23194885253906, 140.9478759765625)
544	147.25384949561283 *** (88.10476684570312, 85.2652359008789)
545	1.4218643024420414 *** (161.21527099609375, 138.94064331054688)
Eval! ***  0.06451010528832689
546	153.7419010185385 *** (95.34068298339844, 99.12940979003906)
547	64.82498206510984 *** (81.13987731933594, 91.62174224853516)
548	120.72414869092249 *** (96.47453308105469, 92.47551727294922)
549	10.332694594725318 *** (102.42410278320312, 110.22576141357422)
550	123.87103776278722 *** (321.1515808105469, 268.65869140625)
Eval! ***  0.8425248747377533
Networks Saved!
551	48.52551132338481 *** (123.48838806152344, 127.23973846435547)
552	60.7069223182709 *** (118.99778747558594, 121.52315521240234)
553	43.31953654547524 *** (98.73179626464844, 103.3377685546875)
554	32.62649168926229 *** (106.89606475830078, 93.1469955444336)
555	34.98997984570122 *** (150.18687438964844, 147.39248657226562)
Eval! ***  71.9263591450497
556	34.40028971960162 *** (128.5705108642578, 134.0180206298828)
557	93.31865648641804 *** (142.65367126464844, 142.197021484375)
558	49.96456552992072 *** (156.764892578125, 151.88230895996094)
559	55.575713159198365 *** (126.43270111083984, 139.194091796875)
560	20.161809762520903 *** (115.13444519042969, 116.65673065185547)
Eval! ***  59.18263743966575
Networks Saved!
561	156.68406824796773 *** (137.79696655273438, 121.85643005371094)
562	114.22339388336118 *** (102.00150299072266, 105.2088623046875)
563	27.748657220266544 *** (153.63046264648438, 155.92117309570312)
564	51.71082182098997 *** (139.74061584472656, 135.8117218017578)
565	85.53425367147847 *** (123.19102478027344, 127.99528503417969)
Eval! ***  46.7124971526758
566	96.64769169797026 *** (133.8701934814453, 149.0395050048828)
567	13.89791776205977 *** (130.7006072998047, 134.968994140625)
568	136.23037729673953 *** (149.73809814453125, 147.4193572998047)
569	72.90683247189732 *** (164.55995178222656, 154.7766571044922)
570	145.86393704718313 *** (80.74801635742188, 76.44222259521484)
Eval! ***  160.92458198093172
Networks Saved!
571	164.83764382815227 *** (153.07167053222656, 175.12371826171875)
572	215.46863942362802 *** (151.63092041015625, 161.00643920898438)
573	149.75591615996865 *** (144.84518432617188, 159.26258850097656)
574	177.0526300304873 *** (153.34765625, 163.5879364013672)
575	201.3157672173964 *** (140.03244018554688, 154.00196838378906)
Eval! ***  165.0572571598603
576	135.64564939507576 *** (144.76023864746094, 145.1897735595703)
577	135.80031674571052 *** (148.49351501464844, 168.20033264160156)
578	169.6359966321459 *** (176.9971160888672, 158.6162567138672)
579	192.11146027973757 *** (167.40509033203125, 146.94757080078125)
580	172.41028879753802 *** (139.71913146972656, 147.51571655273438)
Eval! ***  154.47977478746685
Networks Saved!
581	162.47591041151983 *** (207.83120727539062, 177.33963012695312)
582	192.0768764084547 *** (163.84310913085938, 165.8280029296875)
583	197.8036518436416 *** (258.6732482910156, 395.7170715332031)
584	229.19452071363594 *** (716.566162109375, 711.4588623046875)
585	197.0730385362566 *** (592.4729614257812, 601.0905151367188)
Eval! ***  163.44796049043308
586	141.54565496887264 *** (226.39283752441406, 199.96499633789062)
587	186.9478354164308 *** (196.06629943847656, 183.4081573486328)
588	128.80185247184423 *** (234.32266235351562, 262.7290344238281)
589	215.5851504337248 *** (208.19862365722656, 225.94686889648438)
590	167.55690785758597 *** (174.44590759277344, 182.42581176757812)
Eval! ***  112.67568262425506
Networks Saved!
591	106.91982167904128 *** (140.28482055664062, 121.98163604736328)
592	0.1476609477067101 *** (229.2635498046875, 241.31443786621094)
593	0.11208592313298474 *** (235.9138946533203, 228.84323120117188)
594	0.0296320541400485 *** (224.39952087402344, 253.46914672851562)
595	36.80739246426149 *** (208.6778564453125, 198.60928344726562)
Eval! ***  3.385581181991067
596	4.090571783415888 *** (215.8682098388672, 212.87644958496094)
597	2.7233281507276685 *** (200.2481689453125, 219.490478515625)
598	68.45780578104214 *** (247.6959991455078, 221.69110107421875)
599	36.37453235714278 *** (222.81942749023438, 186.8982696533203)
600	0.4565178623171277 *** (198.64813232421875, 184.08216857910156)
Eval! ***  3.3560037860939977
Networks Saved!
601	0.9456652335058148 *** (206.55250549316406, 194.13558959960938)
602	9.968872716920677 *** (213.95401000976562, 206.95187377929688)
603	195.3523038338478 *** (200.80960083007812, 181.4296875)
604	69.95093800773175 *** (208.8307342529297, 252.15609741210938)
605	111.83432996369642 *** (215.24447631835938, 248.52333068847656)
Eval! ***  239.31459023900183
606	146.05855934953115 *** (172.0572509765625, 200.7375946044922)
607	149.30654043132256 *** (231.9488983154297, 207.03761291503906)
608	217.98095392723988 *** (201.01454162597656, 218.00283813476562)
609	157.3597201192843 *** (214.59739685058594, 226.03367614746094)
610	191.61534856490093 *** (211.29164123535156, 230.5731201171875)
Eval! ***  189.35443457494628
Networks Saved!
611	207.4449757374892 *** (171.87046813964844, 149.08456420898438)
612	120.30483228478391 *** (207.92550659179688, 204.02320861816406)
613	191.23422988538422 *** (159.60372924804688, 148.2123565673828)
614	108.21226612724698 *** (236.1194610595703, 218.4201202392578)
615	143.06894707039686 *** (209.97903442382812, 229.53053283691406)
Eval! ***  156.16577945812654
616	154.4156223450958 *** (181.70587158203125, 163.78500366210938)
617	238.5040386145974 *** (176.06190490722656, 205.0596160888672)
618	167.73267719227988 *** (147.9568328857422, 143.37991333007812)
619	128.86818426982316 *** (116.23969268798828, 110.98171997070312)
620	1.3393855065506102 *** (126.2186508178711, 125.89093780517578)
Eval! ***  1.5523782583760881
Networks Saved!
621	3.5879945010067895 *** (308.6268310546875, 325.0025634765625)
622	2.9640961807843103 *** (135.8375244140625, 134.52468872070312)
623	100.30675272984686 *** (128.42449951171875, 137.32421875)
624	119.52765800469166 *** (145.7569122314453, 153.9009246826172)
625	1.3419268847620145 *** (141.52488708496094, 142.04029846191406)
Eval! ***  0.2347993505646913
626	1.6855769812911623 *** (136.91143798828125, 142.32257080078125)
627	2.6718239572506217 *** (133.4528350830078, 129.79489135742188)
628	49.10865856758157 *** (162.48867797851562, 151.36062622070312)
629	0.9176451807883677 *** (144.13250732421875, 153.32334899902344)
630	57.55859513592802 *** (144.7010040283203, 131.69277954101562)
Eval! ***  0.4442712453042859
Networks Saved!
631	37.73229176866653 *** (171.3812255859375, 175.8448486328125)
632	15.854891879405507 *** (136.30892944335938, 124.51152801513672)
633	0.33206790886554316 *** (127.22819519042969, 122.74097442626953)
634	78.99640968335427 *** (117.1707992553711, 128.12791442871094)
635	2.578270373270208 *** (113.85591125488281, 116.41421508789062)
Eval! ***  1.9884561551609106
636	2.2803516014994454 *** (120.52667999267578, 116.538330078125)
637	0.30061303160691133 *** (127.11316680908203, 135.8137664794922)
638	0.5365847817780838 *** (117.2512435913086, 133.62448120117188)
639	0.41781891301758817 *** (113.98201751708984, 122.04681396484375)
640	1.6722573364832072 *** (131.46470642089844, 126.93866729736328)
Eval! ***  0.5282140385970296
Networks Saved!
641	1.0992627034585094 *** (103.45087432861328, 102.51421356201172)
642	2.6356439016436903 *** (130.26614379882812, 136.80242919921875)
643	4.677819184403486 *** (132.69189453125, 110.0830307006836)
644	1.2531927126841047 *** (137.1807861328125, 127.1020278930664)
645	5.797601890608548 *** (137.45277404785156, 116.77472686767578)
Eval! ***  115.5142300436574
646	105.6377732095219 *** (157.21351623535156, 181.70822143554688)
647	2.268677972351056 *** (101.99030303955078, 132.97842407226562)
648	11.117356060201699 *** (138.88011169433594, 135.6841278076172)
649	101.67385090774607 *** (197.78819274902344, 246.89894104003906)
650	88.86676823704282 *** (101.94873809814453, 86.08454895019531)
Eval! ***  9.413199768127495
Networks Saved!
651	4.988306427360289 *** (156.21603393554688, 116.44646453857422)
652	144.20685813396267 *** (151.13987731933594, 183.82308959960938)
653	130.5387405855534 *** (147.29205322265625, 127.22786712646484)
654	1.1173309786090133 *** (97.72099304199219, 78.41741943359375)
655	71.39695146294328 *** (148.84437561035156, 140.3512420654297)
Eval! ***  1.059545469540845
656	3.5966402782772566 *** (72.66437530517578, 84.29374694824219)
657	5.3835144389069844 *** (82.02623748779297, 85.3375015258789)
658	1.496848260811921 *** (175.83981323242188, 192.33384704589844)
659	2.9479197709866996 *** (229.66412353515625, 212.001708984375)
660	13.237901064213622 *** (225.42678833007812, 208.26779174804688)
Eval! ***  7.2778682018448
Networks Saved!
661	34.01695381160237 *** (185.4283447265625, 206.44520568847656)
662	0.8131785475323691 *** (96.27398681640625, 98.2220230102539)
663	0.37582110799712887 *** (288.9927673339844, 259.2546081542969)
664	2.0983653760139225 *** (277.905517578125, 252.5565185546875)
665	3.8562609611801477 *** (397.7060241699219, 376.3327941894531)
Eval! ***  3.883372368763518
666	3.7976648151810872 *** (353.9569396972656, 377.6277770996094)
667	0.9354387507941151 *** (392.5711364746094, 413.0435485839844)
668	2.7556707764250925 *** (331.2099304199219, 352.7929992675781)
669	0.8500552628523294 *** (313.25274658203125, 334.6542663574219)
670	0.9689547891664941 *** (326.6897277832031, 329.9112548828125)
Eval! ***  0.8490152058612928
Networks Saved!
671	3.497864939212592 *** (382.494384765625, 338.324951171875)
672	2.9296173803236547 *** (376.5326843261719, 378.8535461425781)
673	0.9980007592896575 *** (335.1795654296875, 330.1335754394531)
674	2.494346368244657 *** (248.4759063720703, 215.43856811523438)
675	0.5125078108039895 *** (222.00108337402344, 280.6092224121094)
Eval! ***  0.20859610111332294
676	0.10102092604771316 *** (310.4532775878906, 244.92759704589844)
677	1.1871586660392293 *** (256.14593505859375, 178.88192749023438)
678	7.222810380154761 *** (180.3149871826172, 160.743896484375)
679	8.589870408454116 *** (288.524658203125, 326.2180480957031)
680	1.0586008129308637 *** (195.55801391601562, 231.3597412109375)
Eval! ***  3.471991079044377
Networks Saved!
681	2.9471662764729163 *** (268.6950378417969, 199.91656494140625)
682	9.500043555874951 *** (216.25015258789062, 247.66297912597656)
683	5.962004624567934 *** (332.040771484375, 359.4836120605469)
684	4.107926691041627 *** (95.87149047851562, 120.13703918457031)
685	7.350620464487771 *** (215.27127075195312, 124.32935333251953)
Eval! ***  0.09744672087031533
686	6.5548176798636035 *** (95.20100402832031, 102.36528015136719)
687	2.5165019270528726 *** (312.2508850097656, 305.5022277832031)
688	15.503224216302485 *** (360.4205322265625, 410.7621154785156)
689	4.043899641014749 *** (306.51702880859375, 314.48150634765625)
690	2.458242233352495 *** (119.8354263305664, 159.36605834960938)
Eval! ***  0.013859585864820527
Networks Saved!
691	1.165016686292803 *** (276.7128601074219, 264.12060546875)
692	50.1476943453608 *** (300.362548828125, 232.18092346191406)
693	3.666027697832663 *** (236.1662139892578, 270.90179443359375)
694	1.2118810960119455 *** (116.77877807617188, 118.70653533935547)
695	0.02186937193770537 *** (107.91008758544922, 131.8306884765625)
Eval! ***  15.220074853374632
696	12.443117092916017 *** (289.7928161621094, 235.3269500732422)
697	8.624098304453332 *** (263.89617919921875, 218.93197631835938)
698	1.3537409591003737 *** (139.6217041015625, 135.6446533203125)
699	4.129234912596346 *** (238.4966278076172, 297.8888854980469)
700	1.8983318806852223 *** (268.2167053222656, 254.9404296875)
Eval! ***  2.161409073772033
Networks Saved!
701	1.8170664344471137 *** (247.89617919921875, 298.88037109375)
702	1.4542127704065602 *** (350.65673828125, 315.0909729003906)
703	2.306625777480758 *** (158.0829620361328, 164.65782165527344)
704	16.804713263220684 *** (479.70458984375, 429.86505126953125)
705	10.634297907408268 *** (533.4183959960938, 485.79388427734375)
Eval! ***  3.588318611337834
706	9.510111969724486 *** (293.95050048828125, 357.2498779296875)
707	1.6441319599784583 *** (180.14776611328125, 182.26797485351562)
708	0.7393876557399903 *** (203.5486602783203, 164.0279998779297)
709	1.9127636187069292 *** (303.71185302734375, 322.3552551269531)
710	3.533163507240722 *** (413.9360046386719, 507.5451965332031)
Eval! ***  0.10044906813244228
Networks Saved!
711	0.2487798101421569 *** (613.8553466796875, 683.6484375)
712	1.7697505819394945 *** (531.8707885742188, 404.67230224609375)
713	0.03810700572033644 *** (543.9290161132812, 498.8273620605469)
714	0.01642339153781577 *** (665.2520141601562, 730.298095703125)
715	4.441714092641994 *** (674.4348754882812, 724.3294067382812)
Eval! ***  0.02147901223994499
716	3.0084254183461603 *** (613.7714233398438, 555.6810913085938)
717	2.5138970739590363 *** (193.82191467285156, 209.2452850341797)
718	0.11863660413721862 *** (593.1817626953125, 647.8349609375)
719	0.09654253534197105 *** (503.152587890625, 441.1455383300781)
720	4.784656119979771 *** (693.3570556640625, 710.4359130859375)
Eval! ***  5.181608489286218
Networks Saved!
721	2.4970850028811977 *** (479.3027038574219, 507.2877197265625)
722	0.05963840858192623 *** (435.62548828125, 282.5655822753906)
723	0.038458518827143844 *** (318.62677001953125, 397.512939453125)
724	0.45694350294597885 *** (326.32904052734375, 299.59368896484375)
725	5.238563441384156 *** (567.6414184570312, 561.504150390625)
Eval! ***  3.7673406094977535
726	0.02231499091677073 *** (216.04681396484375, 237.6973419189453)
727	0.2678792158231057 *** (549.2559814453125, 590.7589111328125)
728	0.2016592244964006 *** (235.13540649414062, 214.3505401611328)
729	0.39078851012011623 *** (648.9841918945312, 632.1690063476562)
730	0.02004736216158084 *** (617.0071411132812, 661.9874877929688)
Eval! ***  0.0606751774460328
Networks Saved!
731	0.24871073140017044 *** (539.1085205078125, 581.0405883789062)
732	0.5145179049816633 *** (219.40176391601562, 347.35284423828125)
733	0.1432578256216757 *** (172.48117065429688, 203.71348571777344)
734	0.8709602786929912 *** (825.9832153320312, 598.3755493164062)
735	0.3947545876685283 *** (223.6256561279297, 275.7093505859375)
Eval! ***  3.9133827754691595
736	0.016481183969580246 *** (107.7923583984375, 119.44192504882812)
737	0.29995926495269026 *** (230.6683349609375, 267.6880798339844)
738	156.88363085670323 *** (257.0140380859375, 280.5107421875)
739	1.0827707432715432 *** (316.66363525390625, 308.08856201171875)
740	30.91440648817477 *** (285.265869140625, 305.4097595214844)
Eval! ***  36.03147572508116
Networks Saved!
741	50.26407892620825 *** (361.0826416015625, 347.2581481933594)
742	1.1689854217362898 *** (329.3851623535156, 345.6576232910156)
743	1.8394475759600186 *** (265.966552734375, 315.7988586425781)
744	2.3185501156809125 *** (374.00726318359375, 365.1081237792969)
745	1.4639618911952912 *** (299.48297119140625, 261.8320617675781)
Eval! ***  0.7976215758532373
746	0.8270434005560997 *** (402.0544128417969, 422.7183532714844)
747	1.4598521139000091 *** (456.5782470703125, 438.706787109375)
748	1.7769075843396906 *** (446.6142883300781, 447.3880615234375)
749	2.86607729109446 *** (556.876220703125, 537.7760009765625)
750	1.284461963588158 *** (462.8434753417969, 493.7796630859375)
Eval! ***  1.7331754694845445
Networks Saved!
751	1.4023375285826294 *** (481.2306213378906, 448.4657897949219)
752	1.0234931234754436 *** (364.9853210449219, 391.5196838378906)
753	0.8927813482798989 *** (406.1602783203125, 418.54852294921875)
754	1.22237096418598 *** (507.4874572753906, 434.658935546875)
755	1.0804210386960547 *** (445.21759033203125, 394.0338134765625)
Eval! ***  1.4381927119139224
756	1.381980499387628 *** (462.38494873046875, 469.0999450683594)
757	1.5802554950478325 *** (412.8678283691406, 469.92083740234375)
758	0.8520051262234882 *** (437.155517578125, 456.2557067871094)
759	0.6513458343261197 *** (414.5886535644531, 400.1078186035156)
760	1.3044640003538748 *** (422.9408264160156, 376.3791198730469)
Eval! ***  2.2741469365033096
Networks Saved!
761	2.7674057137778956 *** (395.9464111328125, 454.0245666503906)
762	0.6760438140868251 *** (428.14727783203125, 431.257080078125)
763	2.876720132772191 *** (374.91314697265625, 365.03814697265625)
764	1.1372532675002136 *** (336.5467224121094, 328.568115234375)
765	1.3336387287418252 *** (343.736083984375, 317.2406311035156)
Eval! ***  0.982773447717829
766	1.0964614782358215 *** (279.2177429199219, 278.2914733886719)
767	0.1537482573239436 *** (312.04058837890625, 325.51617431640625)
768	0.1377377375885753 *** (304.8662414550781, 295.7893981933594)
769	2.835383378271916 *** (309.2991638183594, 315.5400085449219)
770	0.43725975572783793 *** (318.8966064453125, 324.79638671875)
Eval! ***  0.14159943633986216
Networks Saved!
771	0.3605136651728873 *** (243.48629760742188, 270.6137390136719)
772	0.5198854146791168 *** (240.0037384033203, 263.7070617675781)
773	2.9211355601670097 *** (271.62786865234375, 248.06285095214844)
774	1.0274591909394983 *** (256.2555847167969, 275.5439453125)
775	1.421682948179847 *** (239.50962829589844, 223.27606201171875)
Eval! ***  0.25545348290054787
776	0.20111385062454662 *** (231.62481689453125, 232.3976287841797)
777	0.3134337496795414 *** (223.4921875, 212.16676330566406)
778	0.30091537634362026 *** (228.1074676513672, 236.9746856689453)
779	0.19885658187862515 *** (216.07667541503906, 259.41961669921875)
780	0.05486284335424175 *** (176.42047119140625, 187.2640380859375)
Eval! ***  0.16460584459745425
Networks Saved!
781	0.4470974337746799 *** (201.3138427734375, 202.08653259277344)
782	0.3781066437332532 *** (193.0409698486328, 195.41250610351562)
783	0.14064298140956352 *** (171.73712158203125, 183.32562255859375)
784	0.7346442551207759 *** (167.9248504638672, 191.4649658203125)
785	0.5160473261873428 *** (167.0330810546875, 164.3111572265625)
Eval! ***  0.3207694684675697
786	0.4191208420605001 *** (213.51243591308594, 240.2757568359375)
787	0.07453579665548515 *** (196.2373504638672, 203.68545532226562)
788	0.4178642133993339 *** (166.5607147216797, 185.6892852783203)
789	2.442499306438296 *** (182.6209716796875, 191.65423583984375)
790	0.2718707919365704 *** (177.5442657470703, 161.22036743164062)
Eval! ***  1.0926101482357669
Networks Saved!
791	0.9531340039208542 *** (144.93106079101562, 140.68948364257812)
792	0.16141551354008304 *** (259.8190612792969, 197.31573486328125)
793	0.31619418347430783 *** (160.13119506835938, 183.18194580078125)
794	0.36783885481402057 *** (163.60202026367188, 146.4100799560547)
795	0.4129843392044229 *** (162.44776916503906, 207.17967224121094)
Eval! ***  0.21385235713591327
796	0.31216987472591884 *** (129.1348114013672, 108.99891662597656)
797	0.35931768591704455 *** (158.89096069335938, 162.34634399414062)
798	0.41844840091292085 *** (199.88743591308594, 173.94407653808594)
799	0.6220501132639704 *** (187.6780242919922, 209.02066040039062)
800	1.0027031975292462 *** (173.674560546875, 190.2489776611328)
Eval! ***  0.20931021509055509
Networks Saved!
801	0.43463852227525296 *** (188.82073974609375, 175.40420532226562)
802	2.3263579435595334 *** (246.48057556152344, 221.72459411621094)
803	0.12161682502977837 *** (296.85546875, 279.79144287109375)
804	0.32221937720342486 *** (225.69570922851562, 232.09814453125)
805	0.240090659939217 *** (247.12026977539062, 236.5364990234375)
Eval! ***  0.11542078811255367
806	0.17490804499108648 *** (293.90966796875, 273.00128173828125)
807	0.3891788132220409 *** (218.70095825195312, 242.02503967285156)
808	0.5520472063553777 *** (343.1502380371094, 378.7341613769531)
809	0.2997011083403437 *** (248.76754760742188, 244.9214630126953)
810	4.498850333090864 *** (266.3634948730469, 249.3643798828125)
Eval! ***  1.518298683439132
Networks Saved!
811	1.4202665663599587 *** (324.80865478515625, 320.04620361328125)
812	1.0631699610946042 *** (335.7106628417969, 330.6740417480469)
813	2.072852209883222 *** (301.4320983886719, 319.5694580078125)
814	1.2515920745237485 *** (265.8923034667969, 276.8400573730469)
815	2.725554763758266 *** (282.50323486328125, 276.5437927246094)
Eval! ***  1.5907037988552806
816	1.3527943965830247 *** (259.1490173339844, 272.9530029296875)
817	0.7334060786682538 *** (273.8743591308594, 284.44580078125)
818	0.5140695077737467 *** (295.2218322753906, 309.67132568359375)
819	1.0507698697325436 *** (271.98199462890625, 268.9718933105469)
820	0.7825071596334209 *** (245.56956481933594, 276.5018310546875)
Eval! ***  0.927313659282079
Networks Saved!
821	1.142303354479167 *** (272.2032775878906, 288.13128662109375)
822	0.06888440306323548 *** (287.0030212402344, 263.5924377441406)
823	0.4884841828204145 *** (257.6684875488281, 292.2676696777344)
824	1.292386523341281 *** (212.9798583984375, 219.46038818359375)
825	2.930266122295347 *** (262.0755615234375, 240.30043029785156)
Eval! ***  7.596011303379734
826	7.353360675821482 *** (243.55921936035156, 247.59133911132812)
827	1.2545030926029295 *** (281.096435546875, 279.0563049316406)
828	0.10707172733119916 *** (300.76702880859375, 289.3624267578125)
829	0.17388890685181668 *** (308.818115234375, 309.720703125)
830	0.14521922291569833 *** (313.1914367675781, 296.02862548828125)
Eval! ***  0.2784650221675026
Networks Saved!
831	0.24216843792875054 *** (277.2121887207031, 259.0275573730469)
832	0.168786194795139 *** (295.3792724609375, 305.2161560058594)
833	0.20372783417974116 *** (267.15966796875, 273.87353515625)
834	0.046941026892797194 *** (236.992431640625, 250.62559509277344)
835	0.1641132000488504 *** (294.70880126953125, 288.92333984375)
Eval! ***  0.015001490405675952
836	0.020276296456921018 *** (291.9253234863281, 278.7029113769531)
837	0.015489491263629526 *** (250.53453063964844, 263.8368835449219)
838	0.057087772711903094 *** (273.2475280761719, 253.52261352539062)
839	0.05228947952830143 *** (103.49088287353516, 91.78421783447266)
840	0.5563580847694637 *** (278.8321533203125, 252.99462890625)
Eval! ***  0.16337546166674108
Networks Saved!
841	0.1330863491972542 *** (259.9883728027344, 265.1467590332031)
842	0.027595152264949786 *** (270.17413330078125, 265.0946350097656)
843	0.17217140401699932 *** (247.819091796875, 262.9801940917969)
844	0.059979619799847436 *** (253.68980407714844, 251.35589599609375)
845	0.09150313352865996 *** (264.17352294921875, 249.57859802246094)
Eval! ***  0.04576248552821161
846	0.014403298471389967 *** (246.76039123535156, 237.64405822753906)
847	0.03401279065982493 *** (247.78550720214844, 268.9422607421875)
848	0.02193040773470061 *** (227.37631225585938, 234.37985229492188)
849	0.08724926998190491 *** (248.9867401123047, 229.35557556152344)
850	0.02487687430305972 *** (232.9267578125, 230.8399658203125)
Eval! ***  0.016478129847650246
Networks Saved!
851	0.01533586044659142 *** (211.59219360351562, 227.8453369140625)
852	0.6144977960878771 *** (218.90155029296875, 194.2675018310547)
853	0.06664851033686948 *** (168.55760192871094, 179.0522003173828)
854	0.04900779894750073 *** (185.46078491210938, 175.5300750732422)
855	0.07050151242380907 *** (142.2716827392578, 135.0909423828125)
Eval! ***  0.011422190475263298
856	0.013487573737007923 *** (175.34686279296875, 189.66094970703125)
857	0.01730439358899157 *** (188.4293975830078, 192.21810913085938)
858	0.05943653811367566 *** (157.4683380126953, 153.84840393066406)
859	0.017627948261676928 *** (139.40863037109375, 160.93272399902344)
860	0.017230360434430665 *** (149.70225524902344, 145.10606384277344)
Eval! ***  0.00775177328104163
Networks Saved!
Traceback (most recent call last):
  File "/home/duju/animal_ai_olympics/duju_animal_ai_olympics/SAC_base/discrete_conv_dm_experiment.py", line 94, in <module>
    max_q1, max_q2 = train_discrete_Conv_SAC_max(q_main, q_target, replay_buffer, batch_size, gamma)
  File "/home/duju/animal_ai_olympics/duju_animal_ai_olympics/Model/DiscreteConv_SAC.py", line 251, in train_discrete_Conv_SAC_max
    q1_loss.backward()
  File "/home/duju/cd2018-2,p3.5/lib/python3.5/site-packages/torch/tensor.py", line 118, in backward
    torch.autograd.backward(self, gradient, retain_graph, create_graph)
  File "/home/duju/cd2018-2,p3.5/lib/python3.5/site-packages/torch/autograd/__init__.py", line 93, in backward
    allow_unreachable=True)  # allow_unreachable flag
KeyboardInterrupt
861	Exception ignored in: <function _create_finalizer.<locals>.callback at 0x7fa51b5ee730>
Traceback (most recent call last):
  File "/home/duju/cd2018-2,p3.5/lib/python3.5/site-packages/dm_control/mujoco/wrapper/core.py", line 266, in callback
  File "/home/duju/cd2018-2,p3.5/lib/python3.5/site-packages/dm_control/mujoco/wrapper/core.py", line 749, in finalize_mjr_context
  File "/usr/lib/python3.5/contextlib.py", line 59, in __enter__
  File "/home/duju/cd2018-2,p3.5/lib/python3.5/site-packages/dm_control/_render/base.py", line 109, in make_current
  File "/usr/lib/python3.5/contextlib.py", line 59, in __enter__
  File "/home/duju/cd2018-2,p3.5/lib/python3.5/site-packages/dm_control/_render/executor/render_executor.py", line 95, in execution_context
  File "/home/duju/cd2018-2,p3.5/lib/python3.5/site-packages/dm_control/_render/executor/render_executor.py", line 90, in _check_not_terminated
RuntimeError: This executor has already been terminated.

Process finished with exit code 1

