/home/duju/cd2018-2,p3.5/bin/python3 /home/duju/animal_ai_olympics/duju_animal_ai_olympics/SAC_base/discrete_conv_dm_experiment.py
Conv_Discrete_SAC_black_and_white_32_q1_only_skip2
input channel size :  3
fc input size :  384
input channel size :  3
fc input size :  384
1	96.10540711555757 *** (6.360393047332764, 6.462054252624512, 0.0690552145242691, 1.4566242694854736)
2	124.36879487114093 *** (15.329349517822266, 14.93142318725586, 0.06927217543125153, 0.899056613445282)
3	44.19912189399905 *** (15.416472434997559, 17.72640609741211, 0.06928357481956482, 0.7108372449874878)
4	111.9286995407261 *** (30.547210693359375, 33.51935958862305, 0.06914111971855164, 1.2886086702346802)
5	51.41848950585116 *** (34.257484436035156, 31.898990631103516, 0.06863357126712799, 1.202765941619873)
Eval! ***  19.93737369072246
6	74.90234690529549 *** (51.382545471191406, 54.341312408447266, 0.06874851882457733, 1.1600465774536133)
7	203.86510603633548 *** (70.61357879638672, 60.82022476196289, 0.06792232394218445, 0.9007586240768433)
8	40.26708900625032 *** (61.48468780517578, 69.33290100097656, 0.06873814016580582, 0.9905699491500854)
9	54.12159580010057 *** (74.29580688476562, 66.16411590576172, 0.06680318713188171, 0.9815855026245117)
10	78.42887871520469 *** (92.71221160888672, 90.94002532958984, 0.06835031509399414, 0.8113663196563721)
Eval! ***  168.8887058589916
Networks Saved!
11	92.4460934760908 *** (108.42095947265625, 116.22251892089844, 0.06824147701263428, 0.857922375202179)
12	136.02567199537143 *** (124.15155792236328, 124.84619140625, 0.061407625675201416, 1.0261269807815552)
13	107.81513873170395 *** (128.8472137451172, 149.67935180664062, 0.06491391360759735, 0.8325982689857483)
14	108.12095310469421 *** (62.26300048828125, 63.68865966796875, 0.06832511723041534, 0.7032261490821838)
15	106.30165133609353 *** (122.47357177734375, 120.96197509765625, 0.06598911434412003, 1.6532015800476074)
Eval! ***  198.01257208185788
16	73.4263003396381 *** (122.64414978027344, 135.8544158935547, 0.06319867074489594, 0.7667006254196167)
17	87.0944856945267 *** (157.76690673828125, 142.1731719970703, 0.05817361921072006, 1.201476812362671)
18	121.66631454532572 *** (118.7181625366211, 121.9557876586914, 0.04701699689030647, 1.0768907070159912)
19	59.54431042181101 *** (128.73001098632812, 137.7138214111328, 0.06167194992303848, 0.9978230595588684)
20	86.82510719991016 *** (93.8624038696289, 88.37311553955078, 0.0590207502245903, 1.338607668876648)
Eval! ***  67.89067109556066
Networks Saved!
21	17.642238578880693 *** (74.10880279541016, 73.05030822753906, 0.06507118046283722, 0.847458004951477)
22	31.001095713138998 *** (105.24980926513672, 105.07260131835938, 0.06283964216709137, 1.0907299518585205)
23	90.87056251760637 *** (44.30077362060547, 46.31794738769531, 0.06652508676052094, 0.9209080338478088)
24	110.75920554277826 *** (72.9838638305664, 81.76980590820312, 0.06862581521272659, 1.0853793621063232)
25	130.29949457518936 *** (78.37860870361328, 82.01011657714844, 0.06263703107833862, 1.2890565395355225)
Eval! ***  159.87355373948603
26	138.145881267432 *** (88.6778335571289, 72.38683319091797, 0.06409814953804016, 0.8749414086341858)
27	149.70826501264298 *** (65.86372375488281, 46.8592414855957, 0.0669504776597023, 0.9190220832824707)
28	183.99489691879765 *** (79.14598846435547, 88.88612365722656, 0.058172814548015594, 1.014899730682373)
29	139.31366317327075 *** (128.2622528076172, 131.54080200195312, 0.058066029101610184, 1.356600284576416)
30	44.87620747677935 *** (118.4443130493164, 106.75276947021484, 0.06175406277179718, 0.8841536641120911)
Eval! ***  115.56599887900717
Networks Saved!
31	123.43837987974636 *** (86.65895080566406, 78.25397491455078, 0.05791129544377327, 0.6004477739334106)
32	139.15896083661443 *** (47.113319396972656, 62.34500503540039, 0.06762909144163132, 0.7682933807373047)
33	78.08134066239786 *** (102.57290649414062, 98.2236099243164, 0.0575290210545063, 0.7912065982818604)
34	174.0347576194295 *** (143.73822021484375, 131.2422332763672, 0.062195949256420135, 1.4727518558502197)
35	103.59574031932975 *** (164.6103057861328, 150.44674682617188, 0.06450274586677551, 0.9639030694961548)
Eval! ***  75.32092436969631
36	73.60075561039909 *** (58.57638931274414, 59.90412139892578, 0.06443598866462708, 0.6914635896682739)
37	141.2558034329792 *** (63.84488296508789, 75.22008514404297, 0.06667301058769226, 0.9986235499382019)
38	87.08212956682591 *** (133.72889709472656, 117.30492401123047, 0.06476118415594101, 0.741321325302124)
39	79.57080936788527 *** (41.61857986450195, 50.005889892578125, 0.06388533115386963, 0.9766829013824463)
40	79.98177851938287 *** (44.00486755371094, 35.53724670410156, 0.06834554672241211, 1.3284019231796265)
Eval! ***  183.08318025440454
Networks Saved!
41	59.92348013113585 *** (100.52210998535156, 112.20467376708984, 0.06531466543674469, 1.2177519798278809)
42	173.14664262607783 *** (82.19189453125, 80.71817779541016, 0.059322789311409, 0.685487687587738)
43	154.81600942691787 *** (118.97087860107422, 121.20288848876953, 0.06579428911209106, 1.4063284397125244)
44	121.77825308450817 *** (52.424522399902344, 57.92387008666992, 0.06769446283578873, 0.6257133483886719)
45	156.13526250273182 *** (136.40988159179688, 127.2376480102539, 0.06368102878332138, 0.757840633392334)
Eval! ***  74.516766506976
46	98.81189682272705 *** (37.84690856933594, 36.01824951171875, 0.06649814546108246, 0.981419563293457)
47	146.57905638187964 *** (72.6099853515625, 79.76868438720703, 0.06731677800416946, 1.3467189073562622)
48	13.307293079768852 *** (52.70863723754883, 45.696693420410156, 0.06805814802646637, 0.7052481770515442)
49	30.583766967577237 *** (61.10888671875, 77.47129821777344, 0.06795705109834671, 1.2737995386123657)
50	27.638120530417314 *** (26.036943435668945, 25.690553665161133, 0.0649031400680542, 0.8595337867736816)
Eval! ***  72.36662549396488
Networks Saved!
51	64.95610539991638 *** (78.43688201904297, 77.86128997802734, 0.06685180962085724, 1.0849798917770386)
52	149.50979974504654 *** (34.60597610473633, 40.08397674560547, 0.06837315857410431, 0.6167961955070496)
53	125.97283038715958 *** (27.819374084472656, 24.978866577148438, 0.06710375100374222, 0.6533645987510681)
54	83.75563145227528 *** (25.00394630432129, 24.95485496520996, 0.06844710558652878, 0.5470125675201416)
55	160.68653206309673 *** (74.64787292480469, 90.60359954833984, 0.06419794261455536, 1.0299158096313477)
Eval! ***  158.9189685316411
56	145.34010850405843 *** (42.261451721191406, 49.78678894042969, 0.06644921749830246, 0.7676845192909241)
57	42.93770445065747 *** (21.973169326782227, 19.96649169921875, 0.06840819120407104, 0.6599409580230713)
58	121.53491336717231 *** (46.85822677612305, 43.06867218017578, 0.06636999547481537, 1.063152551651001)
59	98.4660578312071 *** (99.37794494628906, 87.83633422851562, 0.06574715673923492, 1.0182417631149292)
60	128.87686542236696 *** (104.36798095703125, 80.67195892333984, 0.06668931245803833, 0.9619948863983154)
Eval! ***  125.63314680983825
Networks Saved!
61	183.5103367143883 *** (127.43936157226562, 96.48793029785156, 0.0648108571767807, 1.3692989349365234)
62	173.9957694269623 *** (49.62411117553711, 46.458282470703125, 0.06700999289751053, 1.081700325012207)
63	38.112086177640464 *** (108.74024200439453, 57.42753982543945, 0.06178513169288635, 1.00636625289917)
64	143.10951850612506 *** (57.46236038208008, 51.80284118652344, 0.06519417464733124, 1.013519048690796)
65	127.93637677967509 *** (162.7830810546875, 105.93775177001953, 0.06416943669319153, 1.3105653524398804)
Eval! ***  76.20436470716663
66	19.797318911407025 *** (63.97275924682617, 67.88867950439453, 0.06658095121383667, 0.9680413007736206)
67	81.85718160728997 *** (39.84235382080078, 44.32353210449219, 0.06789447367191315, 1.0261836051940918)
68	193.02245501817006 *** (61.38911437988281, 63.99702072143555, 0.06473515927791595, 1.2120447158813477)
69	222.70582544111903 *** (63.94938659667969, 61.775821685791016, 0.06689293682575226, 0.7859641313552856)
70	217.9777098622096 *** (55.143280029296875, 54.53334045410156, 0.06583745032548904, 1.1211185455322266)
Eval! ***  90.3054297446595
Networks Saved!
71	103.99417029641624 *** (67.84675598144531, 70.98442840576172, 0.06727375835180283, 1.4510902166366577)
72	184.57084534351227 *** (64.72415161132812, 76.22337341308594, 0.06791262328624725, 1.1909130811691284)
73	144.73422260013712 *** (181.5133819580078, 148.05874633789062, 0.06747014820575714, 1.0111644268035889)
74	122.37521854774891 *** (57.752052307128906, 59.450538635253906, 0.06797027587890625, 1.1193994283676147)
75	131.2052054118384 *** (165.88241577148438, 159.22183227539062, 0.06366444379091263, 1.2903428077697754)
Eval! ***  172.16772567634902
76	202.76885190201563 *** (84.12679290771484, 83.02912139892578, 0.06457777321338654, 1.285249948501587)
77	182.26143178344938 *** (39.56509780883789, 43.295597076416016, 0.06688643246889114, 0.7027275562286377)
78	67.68062515318366 *** (52.05338668823242, 60.826759338378906, 0.06832682341337204, 0.7336729168891907)
79	163.58371662454272 *** (141.5588836669922, 114.8382797241211, 0.0641886293888092, 1.5415067672729492)
80	156.64546396007012 *** (86.54536437988281, 102.18392944335938, 0.06451462209224701, 1.360633134841919)
Eval! ***  153.99121986263881
Networks Saved!
81	178.47367035342393 *** (79.48088836669922, 80.89277648925781, 0.06660625338554382, 1.0882656574249268)
82	162.94286152544856 *** (78.59436798095703, 71.83379364013672, 0.06188899278640747, 1.5515601634979248)
83	136.4623464069461 *** (93.4868392944336, 95.28436279296875, 0.06674719601869583, 0.960533618927002)
84	105.38595670382162 *** (91.38084411621094, 74.77333068847656, 0.06716184318065643, 0.9510544538497925)
85	139.57193495182096 *** (68.95186614990234, 67.94361114501953, 0.066474050283432, 1.0621647834777832)
Eval! ***  140.9845771971404
86	186.16849580480417 *** (78.43500518798828, 70.34646606445312, 0.06577271223068237, 1.1013762950897217)
87	175.38027650083419 *** (69.7878646850586, 66.28422546386719, 0.0647680014371872, 1.175052285194397)
88	69.832244392561 *** (71.70086669921875, 65.65782928466797, 0.06519020348787308, 1.0580066442489624)
89	161.00948491697605 *** (86.47164154052734, 80.42074584960938, 0.06685967743396759, 1.0801730155944824)
90	184.61691157670427 *** (78.89554595947266, 79.97378540039062, 0.06304123997688293, 1.361647129058838)
Eval! ***  186.78639046869347
Networks Saved!
91	147.35010507383976 *** (85.47074127197266, 82.9319839477539, 0.06515990942716599, 1.0911083221435547)
92	203.12134914337867 *** (63.339622497558594, 64.23110961914062, 0.06547649204730988, 1.0070600509643555)
93	168.46806377068313 *** (77.1135025024414, 85.62615203857422, 0.06543397903442383, 1.1469647884368896)
94	199.9500617984046 *** (70.04666137695312, 65.99032592773438, 0.06014684960246086, 1.110883116722107)
95	127.1277512877174 *** (297.54473876953125, 272.6047668457031, 0.061092499643564224, 1.293480396270752)
Eval! ***  182.97405599643236
96	225.08123206658266 *** (103.20986938476562, 105.51364135742188, 0.06289074569940567, 1.4504454135894775)
97	149.07011661911466 *** (75.14332580566406, 77.29534149169922, 0.06534120440483093, 1.211381196975708)
98	150.21697848283358 *** (137.1909942626953, 143.36517333984375, 0.05729842931032181, 1.5321502685546875)
99	176.86629918835715 *** (82.17581939697266, 84.38182830810547, 0.06515085697174072, 0.9837081432342529)
100	191.08195648628165 *** (95.1031723022461, 129.4857177734375, 0.06383700668811798, 1.0003504753112793)
Eval! ***  156.46624506721477
Networks Saved!
101	162.78703208858136 *** (78.69581604003906, 87.17699432373047, 0.06574703752994537, 0.9969109296798706)
102	142.56179548947404 *** (84.52214050292969, 76.63211822509766, 0.0639447271823883, 1.3615553379058838)
103	188.13463476403246 *** (87.50209045410156, 86.43429565429688, 0.06421655416488647, 1.1746537685394287)
104	217.5350736561405 *** (96.82659912109375, 87.9415283203125, 0.0627552717924118, 1.7965469360351562)
105	154.2330326596775 *** (109.56556701660156, 100.92366790771484, 0.06467040628194809, 1.3939865827560425)
Eval! ***  137.20708532246644
106	134.79846872567677 *** (101.5165786743164, 99.55415344238281, 0.060568079352378845, 0.9941356182098389)
107	183.78978706794393 *** (124.18401336669922, 123.85967254638672, 0.06023483723402023, 1.3260648250579834)
108	193.30698801746323 *** (113.23069763183594, 104.39417266845703, 0.061322733759880066, 0.9265101552009583)
109	169.43051528617985 *** (124.08734130859375, 127.57256317138672, 0.05973563715815544, 1.1836665868759155)
110	193.76736270457562 *** (77.82424926757812, 81.6908187866211, 0.06086544319987297, 0.9299250841140747)
Eval! ***  140.7415585742039
Networks Saved!
111	170.082712497074 *** (123.98461151123047, 120.65401458740234, 0.0630580335855484, 1.4073468446731567)
112	206.1830873757145 *** (104.3372573852539, 103.35169219970703, 0.0601675920188427, 1.1728675365447998)
113	194.93845918021245 *** (100.54329681396484, 98.94168090820312, 0.058354027569293976, 0.867263913154602)
114	268.57972563822335 *** (118.02001953125, 113.96858978271484, 0.06132534146308899, 1.2777082920074463)
115	139.31227965015268 *** (91.5763168334961, 95.65777587890625, 0.060831181704998016, 1.2491717338562012)
Eval! ***  157.93680855725177
116	175.357531537767 *** (96.43123626708984, 93.26493835449219, 0.06170456483960152, 1.493635654449463)
117	174.78964420538034 *** (90.11758422851562, 91.56543731689453, 0.06151587516069412, 1.099648118019104)
118	166.27423467937737 *** (104.12470245361328, 98.60655212402344, 0.05510003864765167, 1.2063014507293701)
119	233.2495967486415 *** (120.91431427001953, 129.94728088378906, 0.06307119131088257, 2.0771501064300537)
120	167.89725334114178 *** (127.65611267089844, 140.8310089111328, 0.060650937259197235, 1.4520514011383057)
Eval! ***  141.45968256095355
Networks Saved!
121	140.22669321415563 *** (134.73696899414062, 127.02586364746094, 0.057611677795648575, 1.506019115447998)
122	190.2798578616144 *** (138.55140686035156, 133.46531677246094, 0.06002248823642731, 1.6519973278045654)
123	117.55575113132531 *** (132.22300720214844, 122.82691192626953, 0.054262373596429825, 1.3737684488296509)
124	87.68833422061685 *** (125.38195037841797, 113.10325622558594, 0.06035974249243736, 1.3233206272125244)
125	178.21717283144784 *** (152.016845703125, 150.1318817138672, 0.06024259328842163, 1.2227602005004883)
Eval! ***  184.81182412285702
126	150.98838242439524 *** (132.99563598632812, 137.20179748535156, 0.060629911720752716, 1.1653456687927246)
127	239.321775396764 *** (150.6915283203125, 149.87669372558594, 0.059985414147377014, 1.3713512420654297)
128	200.70038276449446 *** (120.04878234863281, 122.25501251220703, 0.056595101952552795, 1.3260756731033325)
129	237.01456652968224 *** (102.64921569824219, 104.39734649658203, 0.05412587523460388, 1.1681511402130127)
130	162.06152830473366 *** (134.06744384765625, 134.20733642578125, 0.061066970229148865, 1.537363886833191)
Eval! ***  197.12687087612565
Networks Saved!
131	157.61267423989588 *** (131.10128784179688, 130.39381408691406, 0.05607280880212784, 1.1170157194137573)
132	187.18169229710372 *** (108.96047973632812, 98.96685028076172, 0.05947998911142349, 0.8707333207130432)
133	176.86330484717618 *** (105.82987213134766, 117.6071548461914, 0.05909545719623566, 0.8566569089889526)
134	152.9672904501737 *** (176.5452117919922, 147.20758056640625, 0.04791785404086113, 1.694716215133667)
135	113.20890483508903 *** (115.92875671386719, 120.57526397705078, 0.059397920966148376, 1.2907687425613403)
Eval! ***  139.54704931460537
136	185.0449969860831 *** (122.73554992675781, 118.6192626953125, 0.05496946722269058, 0.9890126585960388)
137	165.25381600695584 *** (162.03408813476562, 155.54739379882812, 0.06256735324859619, 1.173699140548706)
138	229.1882650368344 *** (151.71824645996094, 148.60617065429688, 0.051739759743213654, 1.3951175212860107)
139	169.92364977054717 *** (93.97142791748047, 96.91242218017578, 0.06082969531416893, 1.4436311721801758)
140	221.53945803780687 *** (101.27698516845703, 100.28164672851562, 0.06070220470428467, 1.3780784606933594)
Eval! ***  188.85103485177947
Networks Saved!
141	188.80955463647445 *** (89.31312561035156, 93.89010620117188, 0.05591556429862976, 0.9791394472122192)
142	187.05195046210252 *** (102.6913833618164, 98.35092163085938, 0.05869126692414284, 1.1580924987792969)
143	198.49256798164032 *** (164.4990692138672, 165.75286865234375, 0.0485076904296875, 1.2387399673461914)
144	133.92768501324252 *** (114.7149429321289, 108.09666442871094, 0.0565120205283165, 1.2787715196609497)
145	177.5997845386591 *** (127.3458480834961, 139.8160858154297, 0.06288446485996246, 1.5402144193649292)
Eval! ***  218.64089414801987
146	227.9521826975501 *** (117.03938293457031, 114.20120239257812, 0.059799984097480774, 1.3782035112380981)
147	195.64694675312953 *** (171.70724487304688, 184.4281463623047, 0.05886618793010712, 1.2720348834991455)
148	196.76417490640372 *** (134.73728942871094, 135.61436462402344, 0.058611154556274414, 1.8287733793258667)
149	207.05255276256355 *** (163.3078155517578, 170.10215759277344, 0.05764550715684891, 1.6772100925445557)
150	188.06700232573814 *** (159.05271911621094, 176.1422119140625, 0.05813967064023018, 2.0908474922180176)
Eval! ***  137.90441935605185
Networks Saved!
151	138.5514646912994 *** (127.40814971923828, 123.85009002685547, 0.054467394948005676, 1.0828704833984375)
152	198.54900579160685 *** (164.4280548095703, 163.32864379882812, 0.05980926752090454, 1.4835166931152344)
153	169.58250137405545 *** (177.65304565429688, 193.0098876953125, 0.04859641194343567, 2.295527458190918)
154	151.13052577502077 *** (106.2421875, 122.53892517089844, 0.060177821666002274, 1.7333412170410156)
155	258.8473388810768 *** (186.1705780029297, 180.67269897460938, 0.044197577983140945, 1.8573222160339355)
Eval! ***  131.06479694126278
156	202.15207142458775 *** (183.02813720703125, 179.01304626464844, 0.05473913252353668, 1.0172209739685059)
157	184.64922899392081 *** (154.58009338378906, 153.37405395507812, 0.05975937470793724, 1.9971914291381836)
158	172.45081479024282 *** (123.19808197021484, 130.21286010742188, 0.05740382894873619, 1.2747818231582642)
159	219.06697641194478 *** (171.65774536132812, 184.22459411621094, 0.05732513219118118, 1.583876132965088)
160	164.78427090648367 *** (169.16958618164062, 179.1923065185547, 0.056504759937524796, 1.5588338375091553)
Eval! ***  182.36651096288998
Networks Saved!
161	176.95345519817212 *** (143.29336547851562, 140.2910614013672, 0.05727626383304596, 1.4338793754577637)
162	218.2332225709019 *** (162.3534393310547, 175.85464477539062, 0.05252160131931305, 1.6925355195999146)
163	244.31269554913115 *** (152.3832550048828, 145.87986755371094, 0.04905359447002411, 1.2200963497161865)
164	231.27982671409129 *** (122.88098907470703, 133.13430786132812, 0.047191448509693146, 2.072737455368042)
165	149.41597093801576 *** (137.69911193847656, 157.49456787109375, 0.05503685027360916, 1.4061458110809326)
Eval! ***  185.6812543397102
166	177.961703623714 *** (117.68035125732422, 122.29096221923828, 0.05151195079088211, 1.7583783864974976)
167	255.47388420591423 *** (97.7801742553711, 108.60250854492188, 0.05480654165148735, 1.4832807779312134)
168	225.7815756899649 *** (117.09808349609375, 123.4139633178711, 0.05325724929571152, 1.694582223892212)
169	308.6211054464684 *** (118.43711853027344, 127.47649383544922, 0.061805784702301025, 1.352363109588623)
170	156.288401279337 *** (147.9270477294922, 127.4413070678711, 0.05456767603754997, 0.9858301281929016)
Eval! ***  204.31763684496966
Networks Saved!
171	188.8020093227756 *** (153.431884765625, 141.83926391601562, 0.05530627816915512, 1.1995489597320557)
172	172.05889586334874 *** (124.1947021484375, 114.95491790771484, 0.05165434256196022, 1.2804113626480103)
173	163.89147672216302 *** (127.20977020263672, 122.09710693359375, 0.056321293115615845, 1.7374590635299683)
174	168.06679006748013 *** (135.39804077148438, 133.4449462890625, 0.050313550978899, 1.7613108158111572)
175	239.17321152704235 *** (140.22198486328125, 119.45271301269531, 0.048143334686756134, 1.3712912797927856)
Eval! ***  128.18846300268712
176	128.22182732279833 *** (146.4641876220703, 142.20449829101562, 0.05598320811986923, 2.1218056678771973)
177	206.47395683348995 *** (144.14910888671875, 155.0226287841797, 0.0586121529340744, 1.0464012622833252)
178	133.77396831126867 *** (102.32757568359375, 97.58232116699219, 0.05746140331029892, 1.7090224027633667)
179	171.04653925025883 *** (158.40867614746094, 154.2311248779297, 0.057597048580646515, 1.3179482221603394)
180	255.89806469835582 *** (126.226318359375, 120.09806060791016, 0.053274624049663544, 1.648575782775879)
Eval! ***  210.73883995668123
Networks Saved!
181	201.99573545134825 *** (121.68013763427734, 118.57855987548828, 0.05639466643333435, 1.7751638889312744)
182	219.46286727853112 *** (111.76214599609375, 114.1038589477539, 0.06020296365022659, 1.411469578742981)
183	224.88520059444826 *** (124.47949981689453, 130.8338623046875, 0.05983215570449829, 1.7262071371078491)
184	200.84570046444242 *** (141.39474487304688, 143.63809204101562, 0.05263139307498932, 1.3756916522979736)
185	253.6884846201288 *** (129.78147888183594, 136.41229248046875, 0.050989631563425064, 1.3646231889724731)
Eval! ***  282.6271023769042
186	190.57975106443556 *** (150.33795166015625, 163.54534912109375, 0.06038792431354523, 1.5070260763168335)
187	154.39996927913998 *** (111.32881164550781, 106.89163970947266, 0.058825016021728516, 1.2726631164550781)
188	204.75488864464467 *** (142.0061798095703, 141.39259338378906, 0.043882615864276886, 1.4312355518341064)
189	219.70329416060463 *** (160.32913208007812, 166.2995147705078, 0.04910591244697571, 1.6098361015319824)
190	155.83490113204192 *** (145.35784912109375, 141.66390991210938, 0.06046942621469498, 1.4589940309524536)
Eval! ***  182.49146174993902
Networks Saved!
191	184.35322224342636 *** (130.85569763183594, 141.64349365234375, 0.048460453748703, 1.1495826244354248)
192	160.43545271583716 *** (103.0263900756836, 119.57481384277344, 0.05376940220594406, 1.2648859024047852)
193	140.55296405879378 *** (129.51824951171875, 136.24009704589844, 0.05052368715405464, 1.3947046995162964)
194	207.12198173388427 *** (126.09233093261719, 109.72065734863281, 0.054218828678131104, 1.4493975639343262)
195	162.567027319781 *** (125.12933349609375, 112.13483428955078, 0.05163177102804184, 1.5371143817901611)
Eval! ***  150.22567518859762
196	211.92476476994116 *** (108.92818450927734, 108.86241912841797, 0.05638376623392105, 1.5807738304138184)
197	156.90825084834577 *** (146.2581787109375, 148.2750244140625, 0.053458936512470245, 1.8838475942611694)
198	200.52034643836623 *** (200.2183074951172, 194.77447509765625, 0.055037666112184525, 1.764715552330017)
199	210.08338768177225 *** (126.96642303466797, 131.908447265625, 0.05345024913549423, 1.0957286357879639)
200	190.81868588673595 *** (122.00946807861328, 124.5982437133789, 0.05178137868642807, 1.2004401683807373)
Eval! ***  204.30193621777107
Networks Saved!
201	202.32783694992418 *** (148.98321533203125, 161.79454040527344, 0.05480850860476494, 2.2083394527435303)
202	218.89487282369623 *** (126.34675598144531, 125.05770111083984, 0.05383002758026123, 1.5104905366897583)
203	184.49037124742296 *** (163.510498046875, 161.39967346191406, 0.044433001428842545, 1.3565624952316284)
204	180.97755809124465 *** (187.46658325195312, 183.4587860107422, 0.04807025194168091, 1.3817609548568726)
205	172.58182131003161 *** (185.2345733642578, 183.3868865966797, 0.05515795201063156, 1.607688069343567)
Eval! ***  140.49958374415306
206	178.19039503957327 *** (169.4136962890625, 163.1500244140625, 0.052265018224716187, 1.9091897010803223)
207	193.02328727633753 *** (97.50224304199219, 98.9111099243164, 0.05533770099282265, 1.4569311141967773)
208	195.67431823906145 *** (128.09735107421875, 114.7276382446289, 0.05076323822140694, 1.240999460220337)
209	111.38652037679132 *** (186.17758178710938, 190.13876342773438, 0.040397822856903076, 1.561931848526001)
210	172.97586358905204 *** (169.8928985595703, 174.72450256347656, 0.05511147528886795, 1.3768984079360962)
Eval! ***  256.6164936131133
Networks Saved!
211	205.6087481731874 *** (101.83079528808594, 106.57164764404297, 0.0546918623149395, 1.648050308227539)
212	160.40149137584308 *** (172.9358673095703, 188.32769775390625, 0.04929736629128456, 1.5670853853225708)
213	221.60658504533018 *** (151.53265380859375, 137.39878845214844, 0.04701089859008789, 0.9855425953865051)
214	229.9945528486984 *** (161.09979248046875, 164.1668243408203, 0.05038504675030708, 1.6463295221328735)
215	233.38086715820165 *** (174.948486328125, 182.0165252685547, 0.048211585730314255, 1.6156005859375)
Eval! ***  162.81938469130043
216	173.73992801413723 *** (115.85231018066406, 117.07781219482422, 0.05266544967889786, 1.594138503074646)
217	200.92976595206773 *** (149.94363403320312, 148.51571655273438, 0.05756218731403351, 1.7262665033340454)
218	239.98718048983284 *** (173.72552490234375, 175.61880493164062, 0.054222382605075836, 1.542556643486023)
219	213.14296125930045 *** (180.59649658203125, 165.94456481933594, 0.051122695207595825, 1.743866205215454)
220	195.4863577914101 *** (185.7488555908203, 172.8162078857422, 0.05111820995807648, 1.5537333488464355)
Eval! ***  195.84823094336753
Networks Saved!
221	197.05917805258792 *** (154.13372802734375, 166.11917114257812, 0.057394471019506454, 1.67762291431427)
222	312.94469404103444 *** (128.9687957763672, 133.284912109375, 0.04615281522274017, 1.9409785270690918)
223	238.54723457630072 *** (171.56863403320312, 166.22979736328125, 0.05301544815301895, 1.8308403491973877)
224	287.4530824532812 *** (184.08343505859375, 184.04100036621094, 0.04709195718169212, 1.6861906051635742)
225	216.49968264375678 *** (122.4342041015625, 136.60113525390625, 0.05507499352097511, 1.4706194400787354)
Eval! ***  246.57145527897737
226	194.75563689285363 *** (147.91510009765625, 151.29380798339844, 0.05298083275556564, 1.698796272277832)
227	250.7818325510943 *** (156.9990234375, 151.65110778808594, 0.04776150733232498, 1.5226960182189941)
228	190.0462209054819 *** (176.46942138671875, 165.5192108154297, 0.04738417640328407, 1.3741602897644043)
229	275.9862525890713 *** (155.9036865234375, 145.6000213623047, 0.049686986953020096, 1.4081785678863525)
230	271.67910212631466 *** (179.6550750732422, 171.6311492919922, 0.05316537618637085, 1.8648467063903809)
Eval! ***  171.5740749953634
Networks Saved!
231	189.3131727213456 *** (164.42910766601562, 163.49899291992188, 0.05171295255422592, 1.585770845413208)
232	216.61350740362863 *** (169.1534881591797, 172.84158325195312, 0.04675982892513275, 1.282356858253479)
233	203.8256898988691 *** (155.6622772216797, 145.4196319580078, 0.05107300356030464, 1.8387162685394287)
234	258.4295153600064 *** (180.1385040283203, 188.0904998779297, 0.04763031005859375, 1.4063913822174072)
235	204.36363311929205 *** (167.6466522216797, 181.42373657226562, 0.05020548775792122, 1.572157382965088)
Eval! ***  252.99065784899867
236	227.18244363144467 *** (197.09381103515625, 203.2914581298828, 0.05108761414885521, 2.131251811981201)
237	307.9795195441119 *** (183.62069702148438, 182.4522247314453, 0.045707978308200836, 1.401231050491333)
238	244.00366071425947 *** (181.26315307617188, 172.1639404296875, 0.05074774846434593, 1.8190982341766357)
239	182.09184137726123 *** (193.3908233642578, 192.3258056640625, 0.05235911160707474, 1.7170050144195557)
240	230.1912168895782 *** (162.91819763183594, 162.58522033691406, 0.04979199171066284, 1.4235377311706543)
Eval! ***  256.76322213172125
Networks Saved!
241	179.1178067507713 *** (123.03489685058594, 116.06233978271484, 0.050255998969078064, 1.0141187906265259)
242	226.49190927005475 *** (173.4739990234375, 180.11251831054688, 0.04949869215488434, 1.69728422164917)
243	169.0166895717263 *** (184.8599853515625, 176.97975158691406, 0.04801255837082863, 1.687471628189087)
244	256.6418676139995 *** (149.85714721679688, 166.1849365234375, 0.05531255155801773, 1.777094841003418)
245	217.03751232094288 *** (133.31793212890625, 136.78346252441406, 0.04164799302816391, 1.4609317779541016)
Eval! ***  298.76057305072305
246	253.8014716041769 *** (181.61370849609375, 183.27146911621094, 0.04756108671426773, 1.7704417705535889)
247	167.27039840624687 *** (171.40037536621094, 181.1442108154297, 0.05319901183247566, 1.6714764833450317)
248	264.696004844875 *** (175.6893310546875, 186.80587768554688, 0.0470709353685379, 1.7512924671173096)
249	202.78476489503973 *** (201.58331298828125, 202.80892944335938, 0.049028754234313965, 2.2970550060272217)
250	183.08034868167007 *** (188.9541473388672, 176.2043914794922, 0.04424135014414787, 2.3742215633392334)
Eval! ***  152.3485290524859
Networks Saved!
251	238.39418168815442 *** (183.5109100341797, 177.92660522460938, 0.049810901284217834, 1.9170053005218506)
252	228.57468306934928 *** (145.51507568359375, 144.01119995117188, 0.05047670379281044, 1.5749025344848633)
253	305.0325384639209 *** (164.17718505859375, 158.49880981445312, 0.0420711487531662, 1.9891244173049927)
254	229.52981561741697 *** (190.04022216796875, 193.67669677734375, 0.05388958007097244, 1.8640811443328857)
255	243.9019681944079 *** (189.3372344970703, 194.10556030273438, 0.05370340496301651, 2.299168109893799)
Eval! ***  276.2030859406789
256	228.1690426185399 *** (154.06134033203125, 151.6097869873047, 0.04881506785750389, 1.7780250310897827)
257	179.4143435470506 *** (199.9829864501953, 185.3805694580078, 0.049732763320207596, 2.201572895050049)
258	214.71050380286803 *** (195.46722412109375, 195.0560760498047, 0.05227356404066086, 1.7221370935440063)
259	198.56613314777883 *** (189.08433532714844, 189.8426971435547, 0.04436463117599487, 1.4855890274047852)
260	263.42936042184493 *** (221.49642944335938, 233.74827575683594, 0.053451910614967346, 2.030313014984131)
Eval! ***  180.037119277932
Networks Saved!
261	164.19088337367455 *** (205.17630004882812, 192.3732452392578, 0.05124896764755249, 2.0741400718688965)
262	309.23496980699343 *** (133.40719604492188, 120.4199447631836, 0.04779721796512604, 1.3712072372436523)
263	234.89153184428233 *** (195.53048706054688, 198.2017822265625, 0.047661080956459045, 1.9451957941055298)
264	156.69755669685497 *** (207.55072021484375, 208.8861846923828, 0.049253933131694794, 1.5545086860656738)
265	211.81680513891962 *** (199.49063110351562, 186.47682189941406, 0.044635891914367676, 1.417709231376648)
Eval! ***  149.62833792869645
266	209.42695177121755 *** (196.04452514648438, 216.0076141357422, 0.05101149529218674, 1.9279634952545166)
267	304.5721500907591 *** (207.50511169433594, 202.9155731201172, 0.05359829589724541, 1.2765324115753174)
268	223.2635468319607 *** (182.10321044921875, 183.50900268554688, 0.05098429322242737, 1.6300110816955566)
269	239.03964048478227 *** (211.8457489013672, 207.39556884765625, 0.04938534274697304, 2.0812134742736816)
270	240.8000181333891 *** (183.8303985595703, 191.90817260742188, 0.05581862851977348, 1.9891014099121094)
Eval! ***  230.94092421520034
Networks Saved!
271	258.38887727340216 *** (211.72996520996094, 211.77084350585938, 0.05114815756678581, 1.3491644859313965)
272	283.76863104358057 *** (194.77748107910156, 200.50135803222656, 0.051641419529914856, 2.4685494899749756)
273	331.6800051694901 *** (238.6024169921875, 240.6980438232422, 0.052498847246170044, 2.1517887115478516)
274	274.15611059301506 *** (213.15052795410156, 211.53131103515625, 0.04200652241706848, 2.6146984100341797)
275	215.43186605866518 *** (232.7889862060547, 228.7681121826172, 0.05183335393667221, 1.7297234535217285)
Eval! ***  171.43644933579824
276	162.37069248705396 *** (165.78372192382812, 174.12765502929688, 0.04803100600838661, 2.3695428371429443)
277	230.87115906257043 *** (182.58831787109375, 182.5076446533203, 0.0456961989402771, 1.5826776027679443)
278	245.5822979461836 *** (159.05853271484375, 162.56707763671875, 0.0575796440243721, 1.8834478855133057)
279	282.1123050557971 *** (204.45948791503906, 210.0166473388672, 0.03863139823079109, 2.0588042736053467)
280	187.43485724263712 *** (211.6025390625, 209.83555603027344, 0.04092738777399063, 1.6839179992675781)
Eval! ***  198.66565765169221
Networks Saved!
281	241.03542100661298 *** (202.35125732421875, 189.95692443847656, 0.05162162706255913, 2.002427101135254)
282	256.43480628330786 *** (174.33705139160156, 188.1128387451172, 0.048739198595285416, 1.9544928073883057)
283	268.2338493706932 *** (218.1953582763672, 217.87103271484375, 0.04838411137461662, 2.5794405937194824)
284	339.7793500372132 *** (199.76113891601562, 209.58255004882812, 0.049255531281232834, 2.144777774810791)
285	219.67626531939072 *** (199.3018341064453, 200.85000610351562, 0.04659551382064819, 1.9352349042892456)
Eval! ***  285.6985919583391
286	246.55039303991938 *** (224.1393585205078, 246.83877563476562, 0.05153029412031174, 2.335385322570801)
287	356.48503598613854 *** (199.90565490722656, 198.70628356933594, 0.05337689816951752, 2.0636234283447266)
288	254.66606817468423 *** (252.31301879882812, 237.61465454101562, 0.05113093927502632, 1.430837631225586)
289	231.80318510992768 *** (228.3098907470703, 228.56265258789062, 0.05195444077253342, 2.315128803253174)
290	362.94629415250296 *** (270.4830322265625, 268.92498779296875, 0.05268292501568794, 2.5495009422302246)
Eval! ***  147.51491630056407
Networks Saved!
291	221.22093145733862 *** (208.65394592285156, 214.44625854492188, 0.0492333248257637, 1.784764289855957)
292	276.9469573201769 *** (286.11846923828125, 278.5063171386719, 0.04932922124862671, 2.2894725799560547)
293	290.0963090608882 *** (239.50717163085938, 238.00958251953125, 0.04833937808871269, 2.2621121406555176)
294	258.601035631966 *** (209.94058227539062, 210.0622100830078, 0.04321268945932388, 2.2542757987976074)
295	198.06972772142723 *** (234.5763397216797, 242.98179626464844, 0.041862454265356064, 1.9524959325790405)
Eval! ***  177.84012911483433
296	216.75376343702663 *** (208.85459899902344, 220.01332092285156, 0.04160727187991142, 1.7517173290252686)
297	247.00981435496882 *** (210.46810913085938, 213.3477783203125, 0.04225689172744751, 1.6749508380889893)
298	170.14999151173663 *** (187.17327880859375, 193.7849578857422, 0.04624568670988083, 2.0002713203430176)
299	288.12944169901846 *** (219.72145080566406, 196.55747985839844, 0.04495064169168472, 1.8166590929031372)
300	226.23287975226626 *** (208.24813842773438, 214.8784637451172, 0.04063405096530914, 1.5559282302856445)
Eval! ***  260.2599456137712
Networks Saved!
301	404.8889092406561 *** (230.63095092773438, 235.13650512695312, 0.04724159091711044, 2.186361312866211)
302	186.19244448252502 *** (251.70835876464844, 233.77288818359375, 0.04416276887059212, 2.2884886264801025)
303	250.89187077923097 *** (238.08810424804688, 235.28616333007812, 0.05043546110391617, 2.0058953762054443)
304	340.63705459034793 *** (257.6161193847656, 239.04736328125, 0.04311968758702278, 3.057591199874878)
305	369.6963191800131 *** (206.35882568359375, 210.6064453125, 0.043844714760780334, 2.184711456298828)
Eval! ***  352.43534896618036
306	334.96197129531134 *** (209.8389434814453, 206.13148498535156, 0.05296016484498978, 2.079066753387451)
307	196.36931352359372 *** (246.98092651367188, 254.57020568847656, 0.045490823686122894, 2.588179349899292)
308	242.85505777626096 *** (278.7622985839844, 274.7275085449219, 0.049368008971214294, 2.2154829502105713)
309	217.46590933736695 *** (206.29931640625, 198.97305297851562, 0.033685944974422455, 1.775483250617981)
310	236.80051253237644 *** (170.5640106201172, 172.83302307128906, 0.04965855926275253, 1.7931426763534546)
Eval! ***  358.06899130659804
Networks Saved!
311	343.6821959081953 *** (202.1049346923828, 203.1708526611328, 0.0511418841779232, 1.9619264602661133)
312	192.8223091427756 *** (242.343505859375, 233.5792694091797, 0.049255453050136566, 2.769017219543457)
313	197.27053303269992 *** (212.92282104492188, 216.2544708251953, 0.05275586247444153, 2.4865455627441406)
314	237.87385376538694 *** (189.2816925048828, 190.37591552734375, 0.03838416934013367, 2.3352911472320557)
315	234.88921075001159 *** (225.81381225585938, 219.80661010742188, 0.03950081020593643, 2.1095378398895264)
Eval! ***  112.49776129004717
316	236.6684624066999 *** (202.4652557373047, 209.1285400390625, 0.04740117862820625, 3.1850790977478027)
317	338.9266300647398 *** (226.85140991210938, 231.85643005371094, 0.03649670630693436, 2.5326404571533203)
318	205.9953097484319 *** (266.843994140625, 275.30010986328125, 0.04350235313177109, 2.2616071701049805)
319	262.6166565568984 *** (284.6289367675781, 317.4642028808594, 0.03789356350898743, 1.7251572608947754)
320	190.08516989250356 *** (170.04177856445312, 186.53372192382812, 0.05112118273973465, 2.5546875)
Eval! ***  231.03276636627228
Networks Saved!
321	286.72246070621003 *** (248.43630981445312, 234.75706481933594, 0.050291337072849274, 1.6290459632873535)
322	290.3278999359991 *** (182.3761749267578, 187.8985595703125, 0.04815187677741051, 1.7763068675994873)
323	235.18133812632445 *** (239.26644897460938, 246.43101501464844, 0.05184829980134964, 1.6565035581588745)
324	204.20004604558426 *** (252.87905883789062, 285.9330749511719, 0.04464544355869293, 2.504031181335449)
325	274.00043322731796 *** (251.58242797851562, 251.133056640625, 0.04643040895462036, 2.2139506340026855)
Eval! ***  167.55000590729867
326	220.89439767241765 *** (255.34962463378906, 256.6698303222656, 0.0398140586912632, 2.1633620262145996)
327	217.84930549248995 *** (247.34320068359375, 258.98150634765625, 0.04503617435693741, 2.34266996383667)
328	247.32139501814376 *** (198.51498413085938, 175.47201538085938, 0.04596304893493652, 1.7823643684387207)
329	280.90314253762955 *** (192.09231567382812, 189.31166076660156, 0.05233387276530266, 1.8466306924819946)
330	238.13427848656556 *** (323.4730224609375, 321.16766357421875, 0.046053048223257065, 1.7254202365875244)
Eval! ***  237.66855536978736
Networks Saved!
331	271.8500617701882 *** (205.11940002441406, 214.44834899902344, 0.046160273253917694, 2.396115779876709)
332	334.26643124333157 *** (172.55459594726562, 157.9972381591797, 0.049075156450271606, 1.9251601696014404)
333	340.22752298379936 *** (162.3003387451172, 156.1500244140625, 0.056750763207674026, 2.3545076847076416)
334	279.4465829305377 *** (204.64451599121094, 216.0313720703125, 0.047977618873119354, 2.112461566925049)
335	240.56018402746443 *** (249.20314025878906, 250.8245086669922, 0.04442655295133591, 2.495047092437744)
Eval! ***  218.64656582638608
336	292.44923236721587 *** (201.6887664794922, 198.8472442626953, 0.030724288895726204, 2.104398250579834)
337	224.6937864460892 *** (264.0716857910156, 277.0095520019531, 0.04631510004401207, 2.6150474548339844)
338	320.4402557709088 *** (242.93736267089844, 254.9861297607422, 0.03917329013347626, 2.1149978637695312)
339	200.26465104491513 *** (216.52777099609375, 217.67262268066406, 0.04010258615016937, 1.8310723304748535)
340	256.85561271003485 *** (202.56063842773438, 220.41944885253906, 0.05278681591153145, 2.0824127197265625)
Eval! ***  429.9885540717521
Networks Saved!
341	315.6527421044466 *** (187.36647033691406, 190.54708862304688, 0.03808601200580597, 1.9121387004852295)
342	210.85332335440222 *** (259.3113098144531, 247.4812469482422, 0.04841502010822296, 2.594555139541626)
343	247.48205817423081 *** (222.33331298828125, 227.74969482421875, 0.05176237225532532, 1.8770272731781006)
344	436.05942653594064 *** (194.53456115722656, 192.7794952392578, 0.04860649257898331, 2.444445848464966)
345	382.3102024104629 *** (202.05917358398438, 208.0198516845703, 0.043683163821697235, 2.381413459777832)
Eval! ***  271.1267867862617
346	330.5101293047369 *** (266.3619384765625, 269.1725158691406, 0.047208622097969055, 2.9270834922790527)
347	273.35046726082794 *** (241.28152465820312, 263.4854431152344, 0.04353927820920944, 1.986920952796936)
348	317.39438752255563 *** (221.52708435058594, 229.54522705078125, 0.04433915391564369, 1.8394742012023926)
349	366.3427793190466 *** (207.9947052001953, 209.31881713867188, 0.04314524307847023, 2.037442445755005)
350	269.3886077652356 *** (236.56439208984375, 243.88128662109375, 0.04150203615427017, 2.518524169921875)
Eval! ***  247.24029112953892
Networks Saved!
351	268.0995342541377 *** (232.54290771484375, 224.4059295654297, 0.04262533411383629, 2.0624895095825195)
352	220.36660867116413 *** (246.5176544189453, 260.8785095214844, 0.04701247811317444, 2.56149959564209)
353	338.1576743009558 *** (215.2624053955078, 224.8913116455078, 0.04815932363271713, 2.1807212829589844)
354	329.8817004122494 *** (276.4202575683594, 275.07672119140625, 0.047485947608947754, 2.2495131492614746)
355	386.6677554854536 *** (302.190185546875, 303.4354553222656, 0.04897693172097206, 2.825374126434326)
Eval! ***  218.9273530343284
356	263.07404072884157 *** (263.3035888671875, 250.07131958007812, 0.054078564047813416, 2.1064014434814453)
357	230.1755474772453 *** (303.772216796875, 289.8643798828125, 0.04421486333012581, 2.5039172172546387)
358	229.03908762625986 *** (255.1273956298828, 260.9945983886719, 0.04954356700181961, 2.5079410076141357)
359	238.11358639934707 *** (257.5480041503906, 259.5707092285156, 0.0484258309006691, 2.119624614715576)
360	227.84095804626315 *** (229.39276123046875, 225.35264587402344, 0.04919147118926048, 2.58131742477417)
Eval! ***  227.04578248782985
Networks Saved!
361	353.0966554484694 *** (313.3154602050781, 331.01171875, 0.04363947734236717, 2.4498634338378906)
362	361.36993285782336 *** (199.5821990966797, 216.62472534179688, 0.04553641378879547, 2.287782907485962)
363	202.1585358077291 *** (230.86387634277344, 241.1250762939453, 0.052175380289554596, 2.2223596572875977)
364	299.7217568040085 *** (256.0341796875, 246.2590789794922, 0.048800162971019745, 2.463345527648926)
365	298.6961092530618 *** (284.2211608886719, 267.4285583496094, 0.0481390506029129, 2.232619524002075)
Eval! ***  188.9296222674679
366	277.2517935329235 *** (229.00169372558594, 235.95668029785156, 0.04533962905406952, 1.787245512008667)
367	249.58328146885262 *** (269.7571716308594, 286.52716064453125, 0.04720887541770935, 2.6578171253204346)
368	434.91309137034153 *** (266.7170104980469, 272.81573486328125, 0.04398062825202942, 2.7716686725616455)
369	308.0440811931323 *** (337.04608154296875, 335.5019836425781, 0.04949347674846649, 2.0712897777557373)
370	338.4509599964833 *** (235.8305206298828, 244.47789001464844, 0.04680302366614342, 2.4725444316864014)
Eval! ***  148.272237612593
Networks Saved!
371	318.77101265320204 *** (239.46804809570312, 247.05316162109375, 0.038076240569353104, 2.2024526596069336)
372	171.13970153466926 *** (287.85791015625, 299.1940002441406, 0.04195626825094223, 3.0294134616851807)
373	263.17801838008154 *** (204.5838165283203, 211.73875427246094, 0.046058960258960724, 2.648932933807373)
374	230.44598089409587 *** (284.6129150390625, 276.3970031738281, 0.04626552760601044, 2.0697789192199707)
375	277.59400042659826 *** (246.7069854736328, 247.32627868652344, 0.04796135053038597, 2.2676281929016113)
Eval! ***  204.33287895750962
376	210.66795525487495 *** (213.406982421875, 214.00083923339844, 0.04377242922782898, 2.3762426376342773)
377	359.83147504159325 *** (297.7147521972656, 293.3758544921875, 0.0424870103597641, 2.182649850845337)
378	322.14480617295874 *** (248.13058471679688, 248.22906494140625, 0.034400273114442825, 2.309919834136963)
379	274.1229157017719 *** (342.49560546875, 328.1647033691406, 0.04602653533220291, 1.8464982509613037)
380	207.7081762358421 *** (323.3992004394531, 320.22039794921875, 0.04003629833459854, 2.4013783931732178)
Eval! ***  191.79002105881236
Networks Saved!
381	199.40404561051878 *** (292.41259765625, 309.13739013671875, 0.03211680054664612, 3.657039165496826)
382	115.88568461502462 *** (379.3235168457031, 376.1825866699219, 0.0480232909321785, 2.564037322998047)
383	443.5974147568289 *** (265.3320617675781, 271.87567138671875, 0.04424593597650528, 2.6397132873535156)
384	352.667070919358 *** (267.447265625, 262.3668212890625, 0.03600006178021431, 2.3404526710510254)
385	135.4311645803738 *** (248.91256713867188, 253.02694702148438, 0.035317420959472656, 2.4533910751342773)
Eval! ***  292.2343987266528
386	302.46727001945897 *** (234.06224060058594, 212.88291931152344, 0.02760395035147667, 2.0364503860473633)
387	233.51339169288624 *** (243.24832153320312, 235.97499084472656, 0.050639331340789795, 2.286874532699585)
388	417.21190509837464 *** (236.138427734375, 230.72027587890625, 0.02974708192050457, 2.430840253829956)
389	230.2644252440738 *** (344.2681579589844, 333.09967041015625, 0.03899739682674408, 2.7931947708129883)
390	416.6392681157777 *** (304.61572265625, 292.71954345703125, 0.04103375971317291, 2.261444091796875)
Eval! ***  202.66918549385014
Networks Saved!
391	403.62980315347187 *** (258.29010009765625, 261.52105712890625, 0.047181129455566406, 2.8052072525024414)
392	398.8556151190911 *** (287.5002136230469, 291.6349182128906, 0.04002101719379425, 2.3044066429138184)
393	264.7680523941041 *** (226.62355041503906, 231.96771240234375, 0.031844209879636765, 2.811798095703125)
394	370.07355348672235 *** (314.58941650390625, 296.9374694824219, 0.031363021582365036, 2.1590795516967773)
395	362.03041073645545 *** (348.8529052734375, 366.34576416015625, 0.037451133131980896, 2.8181381225585938)
Eval! ***  12.93176021911708
396	382.6540513693956 *** (315.4791259765625, 324.8233947753906, 0.04470694437623024, 1.9294607639312744)
397	236.95575778883685 *** (299.24090576171875, 343.9986877441406, 0.03659379482269287, 3.214763641357422)
398	291.6741541569269 *** (324.7832946777344, 293.78314208984375, 0.044323623180389404, 2.809436559677124)
399	303.6534151518386 *** (323.42559814453125, 330.7784423828125, 0.03834350407123566, 3.1233630180358887)
400	209.25466876916715 *** (305.0603332519531, 304.2904968261719, 0.048662927001714706, 3.076679229736328)
Eval! ***  342.7627725315984
Networks Saved!
401	291.1134766544091 *** (324.4913330078125, 306.1690673828125, 0.03133067116141319, 2.4948348999023438)
402	383.58992958494264 *** (319.833984375, 311.32373046875, 0.03190616890788078, 2.4528188705444336)
403	464.47103009350127 *** (278.7854309082031, 273.6811828613281, 0.03300522267818451, 2.9377148151397705)
404	324.4394055180055 *** (232.05345153808594, 235.99774169921875, 0.03809405490756035, 2.542391538619995)
405	398.9789561389608 *** (277.9482421875, 273.2826232910156, 0.0427727997303009, 2.247192621231079)
Eval! ***  347.3959059583799
406	335.3512871001442 *** (282.4049377441406, 285.5439147949219, 0.04353852570056915, 2.5996341705322266)
407	295.93324120141625 *** (322.4381103515625, 312.871826171875, 0.03691988065838814, 2.1615965366363525)
408	188.22743835417683 *** (255.06332397460938, 254.2021484375, 0.03939758241176605, 2.7849998474121094)
409	382.69067646800073 *** (341.8648376464844, 335.774169921875, 0.04019780084490776, 2.9548277854919434)
410	212.6143918181306 *** (366.5051574707031, 367.8039855957031, 0.03392765671014786, 2.681270122528076)
Eval! ***  407.60312193130926
Networks Saved!
411	399.45671703278566 *** (283.5014953613281, 254.82241821289062, 0.037147823721170425, 2.8543708324432373)
412	395.37924899904414 *** (339.7488098144531, 312.54132080078125, 0.0409107469022274, 2.245476722717285)
413	314.95641205136957 *** (299.0367736816406, 313.3363952636719, 0.03258267417550087, 3.068199634552002)
414	310.49915858811863 *** (287.0201416015625, 297.9932861328125, 0.028748108074069023, 3.023371696472168)
415	320.8354979483286 *** (331.1016845703125, 328.7958679199219, 0.03954113647341728, 2.6410555839538574)
Eval! ***  272.40686079445953
416	226.43750938146746 *** (263.08209228515625, 243.98020935058594, 0.04042331874370575, 2.808234691619873)
417	343.7430407722058 *** (422.3651123046875, 401.3075866699219, 0.02644202671945095, 2.7087268829345703)
418	204.08993998797203 *** (267.1054992675781, 261.76824951171875, 0.039139050990343094, 2.5331239700317383)
419	352.2620870680847 *** (449.9903869628906, 417.6138610839844, 0.04223937913775444, 1.782484531402588)
420	435.72208654146124 *** (330.6083984375, 319.30584716796875, 0.036935847252607346, 2.66145920753479)
Eval! ***  232.75730910371183
Networks Saved!
421	247.15787045615178 *** (321.6162414550781, 329.7725830078125, 0.038209252059459686, 3.4111881256103516)
422	376.3287651073534 *** (329.0389099121094, 331.5035095214844, 0.03530913218855858, 2.3935728073120117)
423	360.333608702703 *** (314.09259033203125, 294.81829833984375, 0.039052434265613556, 2.209308624267578)
424	539.5349369991256 *** (293.6913146972656, 264.0713806152344, 0.031733594834804535, 2.643702983856201)
425	201.72677180138837 *** (246.84454345703125, 250.28366088867188, 0.029267173260450363, 2.6216492652893066)
Eval! ***  287.4589170053898
426	450.408216288272 *** (337.2969665527344, 320.56988525390625, 0.03611615672707558, 3.155269145965576)
427	256.03829163226936 *** (365.8941345214844, 360.6862487792969, 0.03381635248661041, 2.607119083404541)
428	253.4186750164435 *** (284.5184020996094, 308.6561279296875, 0.03177542984485626, 2.8630213737487793)
429	371.2026929782318 *** (392.43927001953125, 405.9841003417969, 0.034566689282655716, 3.0996336936950684)
430	376.50507232800885 *** (326.8156433105469, 321.8077392578125, 0.03291745483875275, 2.4925150871276855)
Eval! ***  283.1992540591402
Networks Saved!
431	317.56537982761216 *** (350.84649658203125, 366.6398620605469, 0.03044154867529869, 3.570340156555176)
432	289.17388102804074 *** (415.05133056640625, 391.7264709472656, 0.030445044860243797, 3.221395492553711)
433	263.7006344438042 *** (399.6007080078125, 402.8952941894531, 0.04631254822015762, 2.753380298614502)
434	337.31832073267117 *** (365.35699462890625, 351.479248046875, 0.04281376302242279, 3.087571859359741)
435	340.1284624051807 *** (427.1025085449219, 403.8761291503906, 0.031893059611320496, 3.14792537689209)
Eval! ***  415.39060441619597
436	298.796992187348 *** (326.53466796875, 324.0180358886719, 0.0344783291220665, 2.829472064971924)
437	226.9480259689177 *** (322.4298400878906, 316.1426696777344, 0.03793039917945862, 2.6469016075134277)
438	384.0154899635296 *** (389.57763671875, 406.1679382324219, 0.039465710520744324, 3.2759761810302734)
439	394.2724035932844 *** (344.07843017578125, 339.9814147949219, 0.037668537348508835, 2.61083984375)
440	361.73796419307826 *** (262.4190368652344, 310.17791748046875, 0.03701376914978027, 3.0707712173461914)
Eval! ***  419.39620787394915
Networks Saved!
441	338.6977809194181 *** (367.9332580566406, 361.9331359863281, 0.0390576496720314, 2.454274892807007)
442	443.1519769901856 *** (305.00909423828125, 302.5033264160156, 0.03739585727453232, 2.7210335731506348)
443	549.8429739838115 *** (328.56866455078125, 355.8203125, 0.04171019047498703, 2.669738292694092)
444	460.6898917901151 *** (369.1225280761719, 379.1213684082031, 0.03591538593173027, 3.068331718444824)
445	533.6726526867194 *** (297.24896240234375, 318.4598083496094, 0.03500227630138397, 2.298137664794922)
Eval! ***  340.7384433278161
446	337.15556930585814 *** (353.8009948730469, 358.6823425292969, 0.035684093832969666, 3.463287115097046)
447	258.60304962974516 *** (362.32220458984375, 369.1439208984375, 0.03449871018528938, 3.1532442569732666)
448	428.5271144978914 *** (304.6661376953125, 334.7789001464844, 0.033124491572380066, 3.0994603633880615)
449	97.20340094857286 *** (546.3584594726562, 511.5603332519531, 0.03601880371570587, 1.8224997520446777)
450	323.8605522351001 *** (383.3484802246094, 382.9196472167969, 0.0342695377767086, 2.9550352096557617)
Eval! ***  337.99999339293555
Networks Saved!
451	403.7864698414964 *** (257.9913024902344, 246.77622985839844, 0.03911801055073738, 2.9339492321014404)
452	408.3250794773487 *** (272.3002624511719, 276.6747131347656, 0.04259611666202545, 2.7416067123413086)
453	503.217219416974 *** (372.51611328125, 348.4486999511719, 0.03646476939320564, 2.6465835571289062)
454	641.1435040827923 *** (397.1727600097656, 381.58587646484375, 0.04002365469932556, 3.2183632850646973)
455	222.97335416061537 *** (405.5790100097656, 424.8919982910156, 0.029219508171081543, 2.840508460998535)
Eval! ***  524.5329067758187
456	381.2492318835324 *** (348.1130065917969, 369.1246032714844, 0.03604692593216896, 3.346144437789917)
457	482.04190752782307 *** (381.6157531738281, 356.24395751953125, 0.031666941940784454, 3.0978035926818848)
458	392.6872969710173 *** (468.0011901855469, 470.6307373046875, 0.038410160690546036, 3.1052513122558594)
459	680.3704316757378 *** (387.22271728515625, 413.6347351074219, 0.031238539144396782, 3.527594566345215)
460	351.36313509761567 *** (368.8923645019531, 417.5869140625, 0.033676616847515106, 1.9663336277008057)
Eval! ***  684.1566335046372
Networks Saved!
461	672.4068976598575 *** (383.10272216796875, 390.8586120605469, 0.03173825889825821, 3.2548842430114746)
462	372.53490464393695 *** (504.8665466308594, 497.4363708496094, 0.03269536793231964, 2.763394355773926)
463	625.7603619489194 *** (352.4172058105469, 354.039794921875, 0.03249536082148552, 3.0809273719787598)
464	543.3617390868731 *** (377.3991394042969, 397.39105224609375, 0.03185569494962692, 2.6456708908081055)
465	523.8069338920963 *** (547.2431030273438, 487.1901550292969, 0.031129498034715652, 2.8711929321289062)
Eval! ***  489.8389683550768
466	560.8878525511997 *** (488.76922607421875, 485.90960693359375, 0.03353137522935867, 2.994650363922119)
467	462.8858291777443 *** (416.8706970214844, 411.49688720703125, 0.03309975564479828, 2.8498806953430176)
468	499.6051122427025 *** (356.36077880859375, 396.9535827636719, 0.03395186364650726, 2.4559574127197266)
469	336.47713465995434 *** (477.8536682128906, 470.88995361328125, 0.03133942931890488, 3.01895809173584)
470	459.06090102907234 *** (514.9216918945312, 489.2027587890625, 0.043849438428878784, 2.4995787143707275)
Eval! ***  597.3587557045191
Networks Saved!
471	553.396341902678 *** (522.9506225585938, 505.992919921875, 0.03926917165517807, 2.8121933937072754)
472	552.0140616597849 *** (562.8591918945312, 531.6102294921875, 0.035531096160411835, 2.8308844566345215)
473	653.4283960946351 *** (348.95111083984375, 355.6479187011719, 0.03188113868236542, 2.9794416427612305)
474	629.6136466383066 *** (341.5921630859375, 314.39178466796875, 0.035554029047489166, 3.1812281608581543)
475	130.5324050481688 *** (386.4343566894531, 404.0860290527344, 0.030757851898670197, 3.506000280380249)
Eval! ***  331.85422618251977
476	455.2243647201048 *** (413.3214416503906, 425.30145263671875, 0.029318291693925858, 4.035789489746094)
477	285.06050161823106 *** (425.0636291503906, 453.4034423828125, 0.033213406801223755, 3.3608925342559814)
478	432.8997980652661 *** (570.4104614257812, 637.5310668945312, 0.03970232978463173, 3.6023025512695312)
479	643.4157611587062 *** (408.04345703125, 435.5585021972656, 0.034663863480091095, 2.7860255241394043)
480	356.3497533708494 *** (312.9966125488281, 334.7952575683594, 0.04300462454557419, 3.0478568077087402)
Eval! ***  558.4438907581657
Networks Saved!
481	382.7534808971043 *** (690.9205932617188, 632.77392578125, 0.033687859773635864, 2.7906699180603027)
482	651.8537706814503 *** (633.8794555664062, 724.4302368164062, 0.03213300183415413, 3.7266628742218018)
483	609.1089651701823 *** (660.0578002929688, 648.9762573242188, 0.03481077775359154, 3.0625011920928955)
484	349.0564089629792 *** (345.5484619140625, 326.2296447753906, 0.03820367902517319, 2.8042988777160645)
485	454.62065860582 *** (365.9422912597656, 362.2616882324219, 0.03476164489984512, 3.446183204650879)
Eval! ***  608.7220369272692
486	656.9757852530296 *** (451.588134765625, 357.30712890625, 0.03328746557235718, 3.967545509338379)
487	575.3748203083317 *** (360.6058349609375, 358.44110107421875, 0.028836874291300774, 2.7489542961120605)
488	3.6728436661414303 *** (377.7862243652344, 322.3665466308594, 0.03970601409673691, 3.5939273834228516)
489	207.077086065154 *** (476.5262756347656, 531.2429809570312, 0.030441801995038986, 2.844545364379883)
490	446.35023271151033 *** (386.74072265625, 414.7434387207031, 0.01930096745491028, 3.4627432823181152)
Eval! ***  195.2519127112762
Networks Saved!
491	173.74482385325442 *** (505.871337890625, 523.2376098632812, 0.03351402282714844, 3.370480537414551)
492	224.6634965363586 *** (343.2440490722656, 343.42706298828125, 0.03437366336584091, 3.2792046070098877)
493	245.76008630973288 *** (1252.0299072265625, 1160.5933837890625, 0.0337306410074234, 3.318493604660034)
494	234.37666830297036 *** (1334.485107421875, 1257.6146240234375, 0.024036813527345657, 3.1868155002593994)
495	600.1502590316969 *** (938.9378662109375, 941.1558837890625, 0.029828783124685287, 2.937959671020508)
Eval! ***  337.60207641072174
496	251.43184334528533 *** (489.23028564453125, 504.1095886230469, 0.027196064591407776, 3.8502628803253174)
497	335.90024716514523 *** (433.1131286621094, 418.09552001953125, 0.034076105803251266, 2.6761481761932373)
498	300.2396810255026 *** (1131.8548583984375, 939.0699462890625, 0.038424618542194366, 3.837221384048462)
499	179.66638131808668 *** (737.439453125, 703.1334228515625, 0.018796909600496292, 3.915003776550293)
500	404.67651930210627 *** (441.2391357421875, 457.32562255859375, 0.031559210270643234, 3.502291679382324)
Eval! ***  192.94901787460842
Networks Saved!
501	269.1924204485719 *** (633.90771484375, 588.0214233398438, 0.03257129341363907, 3.6472554206848145)
502	70.08106448026115 *** (1257.2657470703125, 1023.4560546875, 0.026512224227190018, 3.2050557136535645)
503	94.99992828536277 *** (986.2938842773438, 964.0591430664062, 0.022757435217499733, 4.018440246582031)
504	249.8300007067061 *** (391.5034484863281, 363.6775207519531, 0.029437940567731857, 3.8729989528656006)
505	295.053888981707 *** (518.3360595703125, 549.3877563476562, 0.025974515825510025, 3.4655256271362305)
Eval! ***  235.47067961078955
506	244.34108301818017 *** (280.73675537109375, 261.4476013183594, 0.02840127795934677, 2.8530220985412598)
507	55.38571662932506 *** (528.2039184570312, 529.7235717773438, 0.03238581866025925, 3.6355366706848145)
508	140.56731155639463 *** (414.3082580566406, 371.51434326171875, 0.03085709549486637, 3.435979127883911)
509	215.41497736048714 *** (532.6407470703125, 544.775634765625, 0.03443736582994461, 3.00044584274292)
510	413.8584046717809 *** (440.6540222167969, 373.9976501464844, 0.02835671231150627, 2.7539079189300537)
Eval! ***  188.6890575797456
Networks Saved!
511	87.15345135219818 *** (497.67425537109375, 587.32958984375, 0.03895750269293785, 3.0808987617492676)
512	334.70028593396296 *** (131.29124450683594, 117.84693908691406, 0.03455670550465584, 2.0503528118133545)
513	282.21578880353854 *** (547.3854370117188, 543.1741943359375, 0.03082237020134926, 3.9168789386749268)
514	222.72394780569022 *** (397.31597900390625, 354.9502258300781, 0.022305961698293686, 3.6563892364501953)
515	194.38099316459704 *** (436.95831298828125, 422.4180603027344, 0.027852382510900497, 3.398064613342285)
Eval! ***  207.09816703244996
516	126.96773397986496 *** (523.36865234375, 511.91986083984375, 0.022032199427485466, 3.316718578338623)
517	82.14693454116343 *** (308.2369079589844, 321.11968994140625, 0.03095904365181923, 3.744288682937622)
518	67.67831377051002 *** (529.8563842773438, 511.97021484375, 0.014816276729106903, 3.4883170127868652)
519	459.3102454967153 *** (373.20489501953125, 433.029541015625, 0.028721334412693977, 3.305070400238037)
520	183.38191674750178 *** (190.3723907470703, 167.8067626953125, 0.03355074301362038, 2.9481353759765625)
Eval! ***  197.3674475180856
Networks Saved!
521	255.26765239961716 *** (294.8680419921875, 237.5038299560547, 0.024622168391942978, 3.4767918586730957)
522	189.2693219683944 *** (420.8652038574219, 494.8072509765625, 0.03237515687942505, 3.1499135494232178)
523	520.2931458858824 *** (339.6950378417969, 358.48779296875, 0.03433573246002197, 3.6137642860412598)
524	545.7827473162009 *** (377.5105895996094, 465.24835205078125, 0.04270331561565399, 2.6916794776916504)
525	219.50206084199723 *** (423.9666442871094, 441.56298828125, 0.03148898482322693, 3.5850677490234375)
Eval! ***  155.07110730687089
526	222.02808206841024 *** (359.2106628417969, 333.6465148925781, 0.0379246287047863, 4.116661071777344)
527	321.32872554276844 *** (332.0762634277344, 374.7270202636719, 0.03830443695187569, 2.9882969856262207)
528	294.0887269560937 *** (381.1372375488281, 401.0551452636719, 0.03615131229162216, 2.942718029022217)
529	211.08510555445474 *** (129.8733673095703, 142.71250915527344, 0.03221521154046059, 2.484628677368164)
530	116.16705005389666 *** (176.6865692138672, 157.47341918945312, 0.033279046416282654, 2.782513380050659)
Eval! ***  168.20955210685324
Networks Saved!
531	142.76538582339583 *** (450.8236999511719, 490.6790466308594, 0.03172992169857025, 3.0719897747039795)
532	112.04208269779203 *** (329.3504943847656, 399.37493896484375, 0.04009107127785683, 2.5347232818603516)
533	129.28314434200814 *** (374.7983093261719, 274.6480712890625, 0.040674224495887756, 2.208130121231079)
534	179.30182631655506 *** (485.6578369140625, 462.7913818359375, 0.02730373479425907, 3.5174739360809326)
535	294.208932263889 *** (974.5897216796875, 1003.4139404296875, 0.03056354820728302, 3.6634440422058105)
Eval! ***  117.55365488723787
536	232.19945145452854 *** (254.89271545410156, 227.38719177246094, 0.035301417112350464, 3.4688100814819336)
537	591.4998461599938 *** (458.4747619628906, 435.09197998046875, 0.03706302121281624, 3.7377593517303467)
538	268.72767403389855 *** (437.2488708496094, 424.2973937988281, 0.03336898237466812, 3.041649341583252)
539	212.49602453283515 *** (456.1418151855469, 447.6429748535156, 0.019539274275302887, 2.9568724632263184)
540	141.22739623127242 *** (493.33514404296875, 419.1097412109375, 0.026280343532562256, 3.991842746734619)
Eval! ***  74.97262543397657
Networks Saved!
541	104.85239006125649 *** (509.28076171875, 485.76812744140625, 0.036270543932914734, 3.3281002044677734)
542	257.0827001358358 *** (379.90667724609375, 427.76409912109375, 0.03633536398410797, 3.3612210750579834)
543	553.2852446004335 *** (503.8526611328125, 488.2856750488281, 0.028606269508600235, 3.0218560695648193)
544	123.01646401199599 *** (547.3645629882812, 576.5843505859375, 0.034126922488212585, 2.3183798789978027)
545	192.8004587968372 *** (549.8736572265625, 511.2005920410156, 0.03709473833441734, 3.2090749740600586)
Eval! ***  147.90273332997586
546	246.88939150448073 *** (327.3326416015625, 270.4158935546875, 0.025164978578686714, 3.090280294418335)
547	77.54438549074845 *** (510.7008056640625, 535.239013671875, 0.03732331842184067, 2.784729242324829)
548	143.26577467369086 *** (511.11749267578125, 534.0217895507812, 0.025166573002934456, 3.3244776725769043)
549	215.99761527968863 *** (385.30303955078125, 349.9330749511719, 0.03294737637042999, 2.7075719833374023)
550	132.42660119827605 *** (544.5176391601562, 562.1343994140625, 0.03224552422761917, 2.760557174682617)
Eval! ***  194.67151717836586
Networks Saved!
551	662.265899950545 *** (481.2401428222656, 548.140869140625, 0.02789546549320221, 3.404554843902588)
552	127.97873268589771 *** (2926.91650390625, 2337.552734375, 0.031096147373318672, 2.8368165493011475)
553	132.1845608528288 *** (1048.74560546875, 767.16796875, 0.029961902648210526, 2.742919445037842)
554	378.5640442058837 *** (3214.33837890625, 2672.801513671875, 0.023905502632260323, 3.0988054275512695)
555	169.6820524171471 *** (1035.8646240234375, 969.9395141601562, 0.027470586821436882, 3.2205586433410645)
Eval! ***  0.5746900836162739
556	148.93627071302694 *** (1018.2911376953125, 962.9118041992188, 0.028530308976769447, 3.4207286834716797)
557	219.76492768097947 *** (794.50341796875, 856.2361450195312, 0.03417874127626419, 2.5087294578552246)
558	179.35888285462158 *** (823.5639038085938, 937.1998901367188, 0.03096252679824829, 3.010507106781006)
559	86.68761161492066 *** (906.62451171875, 953.6273803710938, 0.028331009671092033, 3.68806791305542)
560	1.8017310524288401 *** (4063.024169921875, 3624.79296875, 0.022444074973464012, 4.0605974197387695)
Eval! ***  1.343110359382881
Networks Saved!
561	1.393202999364648 *** (929.5581665039062, 1175.5272216796875, 0.01597941666841507, 3.8750457763671875)
562	1.5325694537195778 *** (592.0174560546875, 635.7142333984375, 0.02213834598660469, 2.700273036956787)
563	0.9853921310349315 *** (564.3569946289062, 475.1841125488281, 0.01909865066409111, 3.3428139686584473)
564	1.9176371440160929 *** (632.0551147460938, 831.111572265625, 0.02353733777999878, 3.6082870960235596)
565	156.6325730481701 *** (222.44090270996094, 186.48394775390625, 0.02597052976489067, 3.2467994689941406)
Eval! ***  1.3386313939413403
566	0.9953947710734214 *** (767.663818359375, 479.6177978515625, 0.021378718316555023, 2.9974071979522705)
567	270.7910501313177 *** (1103.2890625, 1036.9974365234375, 0.011028340086340904, 3.3814735412597656)
568	1.4069207679253044 *** (9794.5400390625, 8841.6904296875, 0.024279344826936722, 3.3035569190979004)
569	59.85662479209188 *** (1089.322265625, 962.9319458007812, 0.02491222694516182, 3.1418981552124023)
570	1.4838727736285506 *** (3428.6201171875, 3994.522216796875, 0.02408873289823532, 2.5044474601745605)
Eval! ***  0.4169182459517576
Networks Saved!
571	0.5040395113011579 *** (7552.55810546875, 7568.27685546875, 0.018325578421354294, 2.096317768096924)
572	0.4128805985464128 *** (110.1233139038086, 175.08120727539062, 0.03326300531625748, 2.8574917316436768)
573	2.420419958766266 *** (11438.4365234375, 11794.357421875, 0.02240253984928131, 2.7490620613098145)
574	0.8296012300692204 *** (9999.6630859375, 10767.4453125, 0.021773559972643852, 2.9502644538879395)
575	1.171553568975255 *** (217.6461639404297, 277.28662109375, 0.031276069581508636, 2.64199161529541)
Eval! ***  45.038368565411076
576	61.39344014894754 *** (307.4155578613281, 390.1130065917969, 0.016263850033283234, 2.1667275428771973)
577	111.33379961463727 *** (150.31309509277344, 220.61326599121094, 0.03317306563258171, 1.997289776802063)
578	178.65957173598576 *** (508.21832275390625, 605.2389526367188, 0.017799338325858116, 3.7065091133117676)
579	205.09551403334257 *** (815.7184448242188, 875.841064453125, 0.023302122950553894, 2.7528738975524902)
580	48.17974619986897 *** (338.20892333984375, 302.8249816894531, 0.023553911596536636, 2.775761127471924)
Eval! ***  95.17974728642248
Networks Saved!
581	113.03195849146076 *** (190.2110595703125, 206.2832489013672, 0.024096347391605377, 2.5859978199005127)
582	196.6887914108028 *** (10999.5361328125, 11483.814453125, 0.02627844363451004, 3.010653018951416)
583	141.9836316689028 *** (3417.94384765625, 2869.11669921875, 0.018682390451431274, 2.7529947757720947)
584	11.512080618308627 *** (458.58294677734375, 442.6344299316406, 0.02492535673081875, 2.6945927143096924)
585	305.4474223725813 *** (1140.859619140625, 1168.44482421875, 0.02718295529484749, 2.9817216396331787)
Eval! ***  224.50726085963024
586	115.88606531943304 *** (289.8892822265625, 233.4060821533203, 0.022615162655711174, 2.754668712615967)
587	69.40004890622357 *** (894.5626831054688, 1206.220947265625, 0.020503362640738487, 4.120623588562012)
588	87.1568744922629 *** (2361.86474609375, 2865.040771484375, 0.025555074214935303, 3.3067634105682373)
589	0.43978515363909504 *** (15307.0068359375, 16662.794921875, 0.024828925728797913, 2.681791305541992)
590	146.29316979061585 *** (557.643798828125, 670.42138671875, 0.00854734517633915, 2.361424684524536)
Eval! ***  4.44644535795325
Networks Saved!
591	12.014386503368923 *** (17951.611328125, 19400.498046875, 0.023416833952069283, 2.8405423164367676)
592	24.504019469836273 *** (1482.2557373046875, 1718.827880859375, 0.027961663901805878, 2.5850725173950195)
593	142.99198473091013 *** (589.6804809570312, 627.7470092773438, 0.013782881200313568, 3.162522315979004)
594	71.44832557873441 *** (1102.554443359375, 1179.39404296875, 0.014081573113799095, 2.665809154510498)
595	122.35602584763981 *** (22915.150390625, 23350.087890625, 0.009441661648452282, 2.155458450317383)
Eval! ***  43.62229414149928
596	45.10005739796714 *** (1866.4976806640625, 2004.764404296875, 0.020002810284495354, 2.111854076385498)
597	34.03282046524948 *** (717.5745849609375, 824.1513671875, 0.027844149619340897, 2.722383975982666)
598	1.0404645373234405 *** (312.07635498046875, 325.24310302734375, 0.02702873945236206, 2.3074278831481934)
599	1.8775722080582649 *** (31967.98046875, 32369.060546875, 0.010093450546264648, 2.7300634384155273)
600	2.921211377895191 *** (6139.34326171875, 4984.65625, 0.006056198850274086, 2.5210161209106445)
Eval! ***  1.495416463136175
Networks Saved!
601	23.984467874941476 *** (26580.314453125, 27046.724609375, 0.018068790435791016, 2.364504337310791)
602	64.40189802146412 *** (4242.8974609375, 6902.318359375, 0.015523453243076801, 2.7492003440856934)
603	81.82144228342945 *** (7046.359375, 3958.642578125, 0.0011149141937494278, 3.3558597564697266)
604	76.32490731052044 *** (551.708740234375, 1056.115966796875, 0.01501225121319294, 2.743131160736084)
605	1.9420927205927268 *** (575.9037475585938, 378.4388427734375, 0.012276952154934406, 3.1727864742279053)
Eval! ***  2.1640626823955915
606	3.433800329047107 *** (44927.27734375, 44142.875, 0.002553013851866126, 2.5545876026153564)
607	74.91569313115436 *** (14149.2001953125, 13977.1376953125, 0.01629982329905033, 2.966156482696533)
608	59.253529208287794 *** (97.8940658569336, 20.23569679260254, 0.019838105887174606, 1.8960036039352417)
609	91.10933656408307 *** (1500.6201171875, 1803.493408203125, 0.009112555533647537, 2.366719961166382)
610	127.7195521732166 *** (28864.083984375, 29831.865234375, 0.011463552713394165, 3.0925216674804688)
Eval! ***  16.151721133746204
Networks Saved!
611	12.489891244018303 *** (38284.64453125, 38491.02734375, 0.014387272298336029, 2.8926334381103516)
612	6.153618743092273 *** (400.828369140625, 653.5059204101562, 0.00839361920952797, 2.119720458984375)
613	28.053324627737112 *** (486.8049621582031, 329.9049987792969, 0.008440431207418442, 2.591299295425415)
614	1.4896761740520565 *** (46087.91796875, 39879.3828125, 0.012613033875823021, 3.284646511077881)
615	0.8037726944620965 *** (320.9150390625, 265.7146301269531, 0.010102111846208572, 2.0561671257019043)
Eval! ***  58.21542209004166
616	50.139926308573905 *** (6053.8818359375, 6674.3828125, 0.012009134516119957, 2.03875732421875)
617	31.545950431547457 *** (145.59396362304688, 266.394775390625, 0.013560732826590538, 3.1341633796691895)
618	78.30739007673293 *** (6866.822265625, 3275.70703125, 0.01403314620256424, 2.1704835891723633)
619	11.658201578623249 *** (16257.8076171875, 18305.294921875, 0.014777298085391521, 1.9024107456207275)
620	33.13548742870661 *** (4731.5595703125, 3355.33154296875, 0.010474933311343193, 2.8747644424438477)
Eval! ***  5.5712053392990075
Networks Saved!
621	61.49968353227517 *** (951.5482788085938, 887.905029296875, 0.013436917215585709, 1.7996540069580078)
622	3.0366552806424663 *** (-29.51161766052246, -9.39758014678955, 0.009634248912334442, 1.6463398933410645)
623	48.972665830219334 *** (22524.302734375, 24023.044921875, 0.0031209373846650124, 2.9917356967926025)
624	76.36305437915293 *** (209.32371520996094, 236.06283569335938, 0.006545896641910076, 2.0579843521118164)
625	32.478821504676525 *** (2578.290283203125, 656.6839599609375, 0.010644176974892616, 1.846336841583252)
Eval! ***  32.619845328342194
626	33.28971377597821 *** (22379.583984375, 28282.701171875, 0.004919922910630703, 2.688323497772217)
627	73.57829755330762 *** (4128.21337890625, 6120.869140625, 0.02157657779753208, 1.972163438796997)
628	6.374119837163626 *** (92745.953125, 99911.6171875, 0.009018655866384506, 2.2156286239624023)
629	1.8941441192023636 *** (27.40231704711914, -6.434130668640137, 0.009605146944522858, 1.5517051219940186)
630	1.3310721727434458 *** (95915.203125, 97588.21875, 0.004781867377460003, 2.3608412742614746)
Eval! ***  0.04784353768761829
Networks Saved!
631	65.21628433004693 *** (1217.4066162109375, 335.983642578125, 0.0067956941202282906, 2.919738531112671)
632	1.6823913778547908 *** (3715.3310546875, 1660.981201171875, 0.008284132927656174, 2.327491044998169)
633	0.438441165986478 *** (-19.868579864501953, -29.629526138305664, 0.00562057550996542, 1.4320058822631836)
634	34.03716463578834 *** (47065.140625, 59706.28515625, 0.0017324457876384258, 1.8008615970611572)
635	69.54027650323707 *** (101533.125, 100047.6328125, 0.0032544750720262527, 2.1351654529571533)
Eval! ***  2.59234270986519
636	13.823335897929647 *** (17333.501953125, 3135.515625, 0.006071616895496845, 2.0641517639160156)
637	2.2413721266889657 *** (39.986549377441406, -6.9969635009765625, 0.005253388546407223, 1.4305475950241089)
638	0.4353171290834619 *** (155068.296875, 155758.734375, 0.0008585204486735165, 1.9175504446029663)
639	0.47385419875417095 *** (35.34958267211914, -15.299506187438965, 0.004679455887526274, 1.3882675170898438)
640	0.7133967464101735 *** (47156.8671875, 58596.921875, 0.002480149734765291, 2.183473587036133)
Eval! ***  33.550820737795114
Networks Saved!
641	34.52769761547398 *** (-46.273197174072266, -26.95712661743164, 0.002623312408104539, 1.945570468902588)
642	28.833602637788903 *** (2442.184326171875, 1590.8333740234375, 0.003152225399389863, 1.999642252922058)
643	0.2534878007719632 *** (-24.70945167541504, -106.03087615966797, 0.005933102685958147, 2.0603342056274414)
644	1.253631324998521 *** (4753.1787109375, 5319.42431640625, 0.00249205413274467, 2.043440103530884)
645	1.5463482581298353 *** (-10.771466255187988, -65.86582946777344, 0.0006324757705442607, 1.4850983619689941)
Eval! ***  0.22503926342781214
646	0.31506576700053307 *** (119571.5, 133659.046875, 0.00466502457857132, 1.7924861907958984)
647	1.2925503446696385 *** (78.2454605102539, 106.41378021240234, 0.0021462447475641966, 2.1433398723602295)
648	0.2864225551331485 *** (-102.43557739257812, -150.37713623046875, 0.0049049463123083115, 1.6180195808410645)
649	0.2895867174515643 *** (53010.109375, 60580.94140625, 0.006201503332704306, 2.2546885013580322)
650	0.4049614654418055 *** (92.6182861328125, 137.23080444335938, 0.0006494000554084778, 1.465423822402954)
Eval! ***  0.17765147487621105
Networks Saved!
651	0.37573660208128234 *** (4108.0537109375, 3844.4658203125, 0.0024685023818165064, 1.3395013809204102)
652	0.5564113050569731 *** (250713.296875, 262774.75, 0.002634200034663081, 2.207108974456787)
653	0.17128161164592093 *** (179.62469482421875, 85.78340148925781, 0.003956247586756945, 2.2532856464385986)
654	4.157100662946183 *** (96203.796875, 80162.109375, 0.005530313588678837, 1.80271577835083)
655	43.08181055519171 *** (20240.083984375, 21973.734375, 0.0024652674328535795, 1.768699049949646)
Eval! ***  2.07475150183024
656	2.14439515526824 *** (192290.6875, 215384.640625, 0.0019373539835214615, 2.2054405212402344)
657	2.361311129914725 *** (137.1054229736328, 174.03578186035156, 0.0013128007994964719, 1.4765360355377197)
658	4.518870115578452 *** (1066.0960693359375, 669.3829956054688, 0.00044395794975571334, 2.366347074508667)
659	2.042376618674056 *** (432.6258850097656, 251.85006713867188, 0.005118462257087231, 1.8739943504333496)
660	1.5381095071701274 *** (400.3785705566406, 530.14794921875, 0.002451457781717181, 1.7309582233428955)
Eval! ***  48.745515596055185
Networks Saved!
661	63.12458545067481 *** (182.27310180664062, -185.75088500976562, 6.902643508510664e-05, 1.4088791608810425)
662	171.34875548972943 *** (206267.390625, 215088.3125, 0.0006744709680788219, 2.02382230758667)
663	0.15632589818555537 *** (169727.875, 185366.53125, 0.00348963076248765, 1.5004220008850098)
664	1.585164403211012 *** (246701.84375, 218497.125, 0.00019988474377896637, 2.5107505321502686)
665	110.02623595586923 *** (383.0638427734375, 1223.677978515625, 0.006797879468649626, 1.4450169801712036)
Eval! ***  9.624741147166928
666	13.68360142799436 *** (91867.6484375, 99174.5859375, 0.0042657433077692986, 1.1141047477722168)
667	4.153574915688409 *** (1132.7501220703125, 843.2626342773438, 0.0029935052152723074, 1.2304948568344116)
668	2.374507765721624 *** (446.86456298828125, 480.7645263671875, 0.00047229259507730603, 0.9429163336753845)
669	3.382012557035366 *** (479.67205810546875, 458.6553955078125, 0.0024051032960414886, 1.1440412998199463)
670	2.9788821857592276 *** (343.94757080078125, 341.8788146972656, 0.001616917084902525, 1.3288463354110718)
Eval! ***  2.0526046802810503
Networks Saved!
671	2.4372484998069495 *** (662.0090942382812, 565.1995849609375, 0.0022358091082423925, 1.6146960258483887)
672	0.18632519637918502 *** (149522.53125, 121169.8671875, 0.0010676123201847076, 2.736919641494751)
673	0.9687249922215366 *** (660092.875, 668224.625, 3.1030940590426326e-06, 1.661832571029663)
674	0.1662474514800243 *** (263810.0625, 285683.65625, 0.0007119894726201892, 1.142263412475586)
675	2.5832869132722975 *** (129279.1328125, 133163.078125, 0.003844642313197255, 1.1563944816589355)
Eval! ***  1.1179711853075744
676	1.2963113996918065 *** (609227.25, 652617.25, 0.0005253396811895072, 0.5849331617355347)
677	5.2365856202032885 *** (447.2105712890625, 429.1600646972656, 0.003177001839503646, 1.3949462175369263)
678	15.093561233799146 *** (279879.4375, 262591.4375, 0.0002912521595135331, 1.303694248199463)
679	0.9957307080343322 *** (367.65936279296875, 461.4671325683594, 0.000994706992059946, 1.6855337619781494)
680	1.407836651426539 *** (123749.6796875, 121033.3046875, 0.00015471740334760398, 1.9338672161102295)
Eval! ***  0.2923875530845202
Networks Saved!
681	0.20278496723758838 *** (31349.466796875, 10447.5224609375, 4.335177436587401e-05, 1.3668508529663086)
682	0.1381193106219475 *** (61032.5234375, 59514.26953125, 0.0018644756637513638, 1.5099332332611084)

