/home/duju/cd2018-2,p3.5/bin/python3 /home/duju/animal_ai_olympics/duju_animal_ai_olympics/SAC_base/discrete_dm_experiment.py
1
19.869120009072077 *** (4.393731117248535, 4.402767181396484, 0.06924448162317276, 0.22437410056591034)
2
47.30696013212836 *** (23.3764705657959, 23.459213256835938, 0.06896256655454636, 0.3372313678264618)
3
111.65985296125547 *** (58.536643981933594, 58.55058288574219, 0.06780975311994553, 0.5148133039474487)
4
110.6490766447065 *** (82.83524322509766, 82.80847930908203, 0.06681697070598602, 0.8051230907440186)
5
139.92706974485927 *** (104.301025390625, 104.13446807861328, 0.06431353837251663, 0.8676981925964355)
6
192.23796282304912 *** (122.38646697998047, 122.21004486083984, 0.06213541328907013, 1.076919674873352)
7
151.6929834077669 *** (130.44793701171875, 130.33306884765625, 0.0589674636721611, 0.9049134850502014)
8
169.87418680729374 *** (164.44168090820312, 163.75396728515625, 0.05492517352104187, 1.190598964691162)
9
144.01323515138822 *** (162.2251739501953, 161.7533721923828, 0.05095728114247322, 1.1577749252319336)
10
226.5260802113476 *** (205.1930694580078, 204.979248046875, 0.05390586704015732, 1.3457341194152832)
Networks Saved!
11
250.13578369140797 *** (208.06715393066406, 207.52993774414062, 0.05280834063887596, 1.6274529695510864)
12
148.80242338142972 *** (237.9536895751953, 238.25994873046875, 0.05194523185491562, 1.350208044052124)
13
308.19263213095434 *** (254.19825744628906, 253.59039306640625, 0.048979490995407104, 1.4764635562896729)
14
320.6660992479125 *** (269.5394287109375, 269.5983581542969, 0.05141804739832878, 1.6955187320709229)
15
351.0378273150939 *** (291.80926513671875, 292.2127685546875, 0.05244283378124237, 2.07231068611145)
16
324.9726987380125 *** (292.2110290527344, 291.6908264160156, 0.05272521823644638, 1.9444090127944946)
17
288.26205171576976 *** (317.0479736328125, 316.4604187011719, 0.05438551679253578, 2.045682430267334)
18
199.42584450259082 *** (341.04998779296875, 341.5928649902344, 0.04822105914354324, 2.0546324253082275)
19
189.8434025569856 *** (352.95733642578125, 353.9547424316406, 0.050798434764146805, 1.4465078115463257)
20
171.64072570583394 *** (351.54583740234375, 350.20281982421875, 0.04570847004652023, 2.251094341278076)
Networks Saved!
21
162.45582154580623 *** (375.4591064453125, 374.249267578125, 0.049698591232299805, 1.8504949808120728)
22
275.1659790762555 *** (385.49566650390625, 384.7686767578125, 0.04535163938999176, 2.0694611072540283)
23
173.12531609528125 *** (390.53265380859375, 389.5871276855469, 0.05049893632531166, 2.1267786026000977)
24
192.98977134559297 *** (419.8006286621094, 420.01055908203125, 0.04736305773258209, 1.9750176668167114)
25
170.96339701692867 *** (421.156982421875, 422.1368713378906, 0.04498359560966492, 1.6757290363311768)
Eval! ***  183.83423508829142
26
292.95259987724677 *** (447.6006164550781, 449.2145080566406, 0.04565201699733734, 1.9496853351593018)
27
353.62206577021715 *** (459.15472412109375, 460.4085998535156, 0.04425131529569626, 1.9434059858322144)
28
164.36799005723856 *** (481.8675537109375, 483.1725769042969, 0.044311217963695526, 1.8506311178207397)
29
616.3485309955072 *** (473.072509765625, 471.9767761230469, 0.04619386047124863, 2.3589444160461426)
30
202.1870207931656 *** (517.671875, 518.732177734375, 0.04818838834762573, 2.5346717834472656)
Networks Saved!
31
615.4173974882162 *** (525.8697509765625, 526.1563110351562, 0.04130483418703079, 2.2777745723724365)
32
635.6856111433332 *** (533.9680786132812, 534.5342407226562, 0.04082855209708214, 2.6424875259399414)
33
636.5137737242871 *** (552.8067626953125, 552.835205078125, 0.04246987774968147, 2.320596933364868)
34
