/home/duju/cd2018-2,p3.5/bin/python3 /home/duju/animal_ai_olympics/duju_animal_ai_olympics/SAC_base/discrete_dm_experiment.py
1
5.1213794595079305 *** (4.360113620758057, 4.359536647796631, 0.6930738687515259, 0.0526578426361084)
2
48.316470475207886 *** (18.82257080078125, 18.847604751586914, 0.6908615827560425, 0.3232341408729553)
3
107.92479989786764 *** (36.26937484741211, 36.30535888671875, 0.6878678202629089, 0.45813268423080444)
4
18.308116459262816 *** (72.3607406616211, 72.43584442138672, 0.6771975755691528, 0.5055063962936401)
5
89.3200740326055 *** (95.1627426147461, 95.43016815185547, 0.6588616967201233, 0.7082377672195435)
6
71.57289162960646 *** (108.50950622558594, 108.55949401855469, 0.6526904106140137, 0.6817851066589355)
7
122.57684642526729 *** (133.98577880859375, 134.41921997070312, 0.6458724737167358, 0.8139482140541077)
8
128.5853545875448 *** (148.0017852783203, 147.6463165283203, 0.6313830018043518, 0.938127338886261)
9
239.89060870287142 *** (181.158203125, 181.10284423828125, 0.6376662254333496, 0.8380796909332275)
10
229.05450346157517 *** (201.5217742919922, 201.96766662597656, 0.5769263505935669, 1.1405004262924194)
Networks Saved!
11
219.8468738640489 *** (233.3223419189453, 232.3291778564453, 0.5917180180549622, 1.4159148931503296)
12
199.6327502573374 *** (230.9188232421875, 230.93096923828125, 0.547143816947937, 1.1625910997390747)
13
225.2502967435645 *** (249.64212036132812, 249.37803649902344, 0.5175749659538269, 1.255491852760315)
14
240.326667341118 *** (257.9661560058594, 257.29681396484375, 0.5607161521911621, 1.4909343719482422)
15
204.63424354229969 *** (253.02236938476562, 252.78721618652344, 0.5793509483337402, 1.4521980285644531)
16
304.812644682814 *** (288.002685546875, 289.11395263671875, 0.5489212870597839, 1.3531866073608398)
17
318.30189424936026 *** (320.9153747558594, 319.88848876953125, 0.5411822199821472, 1.6609090566635132)
18
191.7417767613292 *** (306.3327941894531, 306.68115234375, 0.4998222291469574, 1.5908786058425903)
19
223.52719202525128 *** (354.49017333984375, 353.81304931640625, 0.5326135158538818, 1.954557180404663)
20
288.3864344909525 *** (346.6662292480469, 347.0369567871094, 0.5089709758758545, 2.0481512546539307)
Networks Saved!
21
264.27729751731886 *** (392.3116455078125, 393.2165222167969, 0.5112292766571045, 1.9325639009475708)
22
252.83375234253037 *** (377.2268371582031, 377.27630615234375, 0.48807376623153687, 1.6394387483596802)
23
225.25404492586165 *** (348.8485412597656, 348.2180480957031, 0.5077505111694336, 1.717582106590271)
24
294.51211511822197 *** (450.69232177734375, 451.3891296386719, 0.46805450320243835, 1.8752660751342773)
25
227.48746165080766 *** (458.9478759765625, 459.7930908203125, 0.47091880440711975, 2.3471550941467285)
Eval! ***  240.64222222877348
26
261.0231658389902 *** (461.5467529296875, 462.5552673339844, 0.4546414911746979, 2.1513218879699707)
27
252.35600860697733 *** (471.8573913574219, 472.1526794433594, 0.43307411670684814, 1.8707408905029297)
28
233.1904070082891 *** (511.7559814453125, 511.9378356933594, 0.4389857351779938, 1.6319128274917603)
29
349.82444062213386 *** (501.5700988769531, 501.3629455566406, 0.4522051215171814, 2.078967571258545)
30
307.03146984489797 *** (512.7606811523438, 513.598876953125, 0.4350643455982208, 1.9278042316436768)
Networks Saved!
31
226.21679661110522 *** (523.1026000976562, 524.177734375, 0.43199777603149414, 1.9009249210357666)
32
315.43820855866494 *** (512.3170776367188, 511.4529113769531, 0.46479591727256775, 1.7451587915420532)
33
292.8977363048592 *** (526.742919921875, 526.0922241210938, 0.43253931403160095, 2.2214980125427246)
34
486.54990690678096 *** (552.1976318359375, 551.9523315429688, 0.4540026783943176, 2.1053264141082764)
35
264.30883786358737 *** (523.3326416015625, 523.4077758789062, 0.40226489305496216, 1.8195546865463257)
36
335.91742429671854 *** (581.7637939453125, 581.6505737304688, 0.42790359258651733, 2.060971975326538)
37
349.7785888335396 *** (490.63055419921875, 492.1958923339844, 0.41280877590179443, 2.413031816482544)
38
258.04306506965276 *** (552.077880859375, 554.0556030273438, 0.41140714287757874, 2.8445916175842285)
39
393.00624876540434 *** (574.218994140625, 574.4800415039062, 0.44437211751937866, 2.411046028137207)
40
328.2417251972271 *** (595.1604614257812, 593.6831665039062, 0.41437777876853943, 2.8056297302246094)
Networks Saved!
41
360.9573671713208 *** (561.8267822265625, 562.1918334960938, 0.41015318036079407, 2.2517879009246826)
42
281.0158216738699 *** (564.9699096679688, 565.7339477539062, 0.40472719073295593, 2.366892099380493)
43
552.7248981848448 *** (615.1920776367188, 615.1657104492188, 0.4082050919532776, 2.1892333030700684)
44
464.5980781686012 *** (578.0948486328125, 577.46484375, 0.3865583837032318, 1.9473214149475098)
45
548.4676615869392 *** (653.424560546875, 654.2173461914062, 0.37978416681289673, 2.854309320449829)
46
546.7573452435777 *** (646.126708984375, 645.943115234375, 0.40495002269744873, 2.49700927734375)
47
565.2666265532861 *** (667.6803588867188, 668.677978515625, 0.36312171816825867, 1.8924742937088013)
48
650.3673261083876 *** (680.9368286132812, 680.4990844726562, 0.386792927980423, 2.5880181789398193)
49
533.4740403012836 *** (694.6456909179688, 693.9139404296875, 0.3995034992694855, 3.385864734649658)
50
292.71037475742327 *** (704.8563842773438, 705.2631225585938, 0.407448410987854, 2.8082804679870605)
Eval! ***  554.8053797614564
Networks Saved!
51
477.52684450779566 *** (709.5631103515625, 709.3562622070312, 0.4193434417247772, 2.81744122505188)
52
433.2404709616422 *** (720.0873413085938, 720.10009765625, 0.356829971075058, 3.0020196437835693)
53
581.1690679231041 *** (726.645751953125, 726.7720947265625, 0.345859557390213, 2.8153185844421387)
54
585.8110134445146 *** (736.0989379882812, 737.1329345703125, 0.36432746052742004, 2.71749210357666)
55
558.0597304664337 *** (731.073486328125, 732.1421508789062, 0.3314940631389618, 3.0243139266967773)
56
608.1865324518162 *** (763.4465942382812, 764.2008666992188, 0.38312381505966187, 3.467434883117676)
57
678.6498162203033 *** (739.6659545898438, 739.5418090820312, 0.37882372736930847, 2.883223295211792)
58
606.1354567474831 *** (769.2890625, 767.5706176757812, 0.34922170639038086, 2.995136022567749)
59
373.04948826822886 *** (778.8807373046875, 778.5792236328125, 0.351278156042099, 2.819824695587158)
60
577.0850730884315 *** (786.7841186523438, 786.9247436523438, 0.4170738756656647, 3.186278820037842)
Networks Saved!
61
620.7099478633934 *** (802.1973876953125, 801.7537231445312, 0.3528314530849457, 3.3970603942871094)
62
625.4284068751595 *** (809.1787109375, 808.5618286132812, 0.3522340953350067, 3.379570484161377)
63
472.7078432712025 *** (805.0364990234375, 803.9853515625, 0.34549909830093384, 3.3095791339874268)
64
583.6999752486721 *** (822.3604736328125, 822.3997192382812, 0.33002012968063354, 3.1714303493499756)
65
586.6724866240083 *** (806.1851196289062, 805.3756103515625, 0.3403327763080597, 3.406747341156006)
66
395.88351140643147 *** (822.8204345703125, 822.8345947265625, 0.3526351749897003, 3.683389186859131)
67
511.656821840273 *** (821.6029663085938, 820.61279296875, 0.2884671986103058, 3.3318965435028076)
68
413.18473640504703 *** (845.5511474609375, 844.7054443359375, 0.3332996368408203, 3.5509562492370605)
69
477.89332946949236 *** (835.2943115234375, 835.1365966796875, 0.3515433371067047, 3.314882755279541)
70
612.2062674166973 *** (857.3059692382812, 857.5392456054688, 0.3206634521484375, 3.852509021759033)
Networks Saved!
71
356.21881165460337 *** (864.5289916992188, 865.408935546875, 0.35995757579803467, 3.775911569595337)
72
614.0576594576345 *** (860.9354858398438, 861.5164184570312, 0.33293288946151733, 3.2876739501953125)
73
431.80452333700276 *** (869.2745361328125, 869.6626586914062, 0.3609635829925537, 3.7833757400512695)
74
408.5284001246251 *** (865.4227905273438, 864.6607666015625, 0.34800949692726135, 3.6746318340301514)
75
564.7104047528533 *** (875.4172973632812, 876.3265991210938, 0.33266761898994446, 3.689817190170288)
Eval! ***  547.8249337576119
76
446.6472343599354 *** (882.029296875, 881.5728759765625, 0.35427916049957275, 3.160051107406616)
77
609.8504643008033 *** (886.7218017578125, 887.390380859375, 0.3392808437347412, 3.6857898235321045)
78
333.2036204786332 *** (885.6651000976562, 885.6871337890625, 0.35657432675361633, 3.4847826957702637)
79
525.293798784993 *** (890.3590698242188, 890.9176635742188, 0.3351490795612335, 4.176456928253174)
80
602.2002193963243 *** (902.3406982421875, 901.7257080078125, 0.31204912066459656, 3.4902846813201904)
Networks Saved!
81
491.2978870925857 *** (906.3523559570312, 905.6748657226562, 0.3210967183113098, 3.9793081283569336)
82
586.3993724893129 *** (909.1978759765625, 910.4920654296875, 0.3227234482765198, 3.566538095474243)
83
583.3937090118613 *** (911.0886840820312, 911.757568359375, 0.34188270568847656, 3.5424535274505615)
84
493.1186997803271 *** (913.5963745117188, 914.3829345703125, 0.3244663178920746, 3.6705901622772217)
85
535.2106509393907 *** (914.056396484375, 913.6845092773438, 0.25943174958229065, 3.8006739616394043)
86
587.5641925220988 *** (917.8223266601562, 918.4923706054688, 0.35847023129463196, 4.148408889770508)
87
602.5902872131454 *** (920.8203735351562, 920.7061157226562, 0.357185959815979, 3.4269368648529053)
88
228.0096092156004 *** (916.450927734375, 916.0523681640625, 0.3426780700683594, 3.928170680999756)
89
430.2667880499239 *** (919.9432983398438, 919.319580078125, 0.2911280393600464, 3.4009785652160645)
90
588.4654358294823 *** (927.8493041992188, 927.41455078125, 0.35010772943496704, 4.241535663604736)
Networks Saved!
91
490.9063032067821 *** (922.80810546875, 920.8968505859375, 0.34221184253692627, 3.8916947841644287)
92
576.6423270312425 *** (930.4116821289062, 930.4135131835938, 0.3758876323699951, 3.988760232925415)
93
542.9495347373676 *** (924.3139038085938, 923.9772338867188, 0.33151575922966003, 3.60278582572937)
94
573.2540045237719 *** (931.916259765625, 931.0133666992188, 0.35061293840408325, 3.4428374767303467)
95
589.4865688795911 *** (934.0243530273438, 933.5176391601562, 0.3487686812877655, 4.0497846603393555)
96
522.7941361366078 *** (942.3157958984375, 941.340576171875, 0.3537871539592743, 3.6405961513519287)
97
525.5941136654351 *** (942.6906127929688, 941.1213989257812, 0.3325022757053375, 4.456629753112793)
98
571.0032669349808 *** (933.671142578125, 934.4559326171875, 0.3872702717781067, 4.410160541534424)
99
485.856062191128 *** (936.7135620117188, 936.6567993164062, 0.3499557077884674, 3.88631272315979)
100
535.8890265004226 *** (941.662841796875, 942.32177734375, 0.3584648668766022, 3.8492729663848877)
Eval! ***  615.0350052344287
Networks Saved!
101
591.8157467010356 *** (947.1234741210938, 947.2623901367188, 0.3071454167366028, 3.9279839992523193)
102
596.4252943206312 *** (938.3431396484375, 937.477783203125, 0.3657285273075104, 4.611403942108154)
103
448.4070042500933 *** (947.6715698242188, 946.54345703125, 0.3214225769042969, 3.65869402885437)
104
520.2886190290765 *** (931.0400390625, 930.8234252929688, 0.33990877866744995, 3.218451738357544)
105
521.6536710087241 *** (947.2540893554688, 948.4447021484375, 0.29910367727279663, 3.8508520126342773)
106
608.3641132836229 *** (939.5123291015625, 939.8055419921875, 0.3538467288017273, 4.06150484085083)
107
608.6830735344568 *** (933.0480346679688, 932.2135620117188, 0.33802297711372375, 4.191112041473389)
108
557.7946379671312 *** (953.594970703125, 953.5841064453125, 0.3302114009857178, 4.6093902587890625)
109
605.4677003155349 *** (937.31591796875, 937.374755859375, 0.35393959283828735, 4.013306617736816)
110
470.87893260134985 *** (924.5327758789062, 924.7804565429688, 0.35166510939598083, 3.389305591583252)
Networks Saved!
111
605.869810548019 *** (944.2088623046875, 943.8128051757812, 0.35423585772514343, 4.201481342315674)
112
579.4400061639491 *** (952.437255859375, 953.8543090820312, 0.33812761306762695, 4.5923309326171875)
113
612.5408752752599 *** (952.7835083007812, 953.5938720703125, 0.31418031454086304, 4.338030815124512)
114
577.4624923330322 *** (955.9447631835938, 954.6796264648438, 0.32122427225112915, 4.434688091278076)
115
422.4655150607893 *** (961.0012817382812, 959.03564453125, 0.33079931139945984, 4.273826599121094)
116
406.0698733808799 *** (950.7848510742188, 950.9527587890625, 0.3643510639667511, 4.4730072021484375)
117
621.4236852185048 *** (954.593994140625, 955.9763793945312, 0.34826919436454773, 4.370928764343262)
118
514.5309591847673 *** (956.3656616210938, 956.4833984375, 0.3079785704612732, 4.2757720947265625)
119
552.3218044896208 *** (960.6519165039062, 960.9967651367188, 0.32773512601852417, 4.692635536193848)
120
601.6563779131891 *** (960.0518188476562, 958.9940185546875, 0.35711273550987244, 4.818588733673096)
Networks Saved!
121
522.1367268533575 *** (955.0087890625, 955.941650390625, 0.3608407974243164, 4.286194801330566)
122
576.0979525507014 *** (957.5985107421875, 957.3289794921875, 0.3100322186946869, 5.018911838531494)
123
568.8927079271849 *** (962.0032958984375, 963.0416259765625, 0.3702854812145233, 4.630928039550781)
124
604.9001946866308 *** (956.1389770507812, 955.50244140625, 0.389287531375885, 4.649974822998047)
125
611.8820538590162 *** (957.1228637695312, 957.6665649414062, 0.3492124080657959, 4.916373252868652)
Eval! ***  626.2501314688373
126
621.7167869594085 *** (946.6470947265625, 947.6241455078125, 0.35665175318717957, 4.443960189819336)
127
602.8951847445172 *** (955.3246459960938, 955.648681640625, 0.3612353503704071, 4.188728332519531)
128
623.4520644503522 *** (945.1076049804688, 945.8429565429688, 0.3501412570476532, 4.14912223815918)
129
627.079534016548 *** (957.5780639648438, 959.0090942382812, 0.3201097846031189, 4.24195671081543)
130
592.1871032750772 *** (966.4063720703125, 967.4006958007812, 0.3090851306915283, 4.259765625)
Networks Saved!
131
623.413568738776 *** (959.623779296875, 960.75927734375, 0.3066568970680237, 4.7817583084106445)
132
607.230900752928 *** (963.2298583984375, 966.1373901367188, 0.35725894570350647, 4.546134948730469)
133
605.3053945274951 *** (964.9782104492188, 963.099853515625, 0.3357929587364197, 4.480538845062256)
134
607.1567253288404 *** (963.7451782226562, 963.1831665039062, 0.38582664728164673, 4.487968444824219)
135
625.2131313132948 *** (964.6383666992188, 963.58837890625, 0.29480066895484924, 4.328402519226074)
136
589.9946492071977 *** (968.6819458007812, 968.8707275390625, 0.3079250156879425, 3.838540554046631)
137
545.6570802153844 *** (964.2761840820312, 963.2313842773438, 0.3432179093360901, 3.956284999847412)
138
620.2239087361867 *** (958.8326416015625, 958.14208984375, 0.3564488887786865, 4.234975337982178)
139
632.130297607456 *** (968.0894165039062, 968.2200927734375, 0.36200228333473206, 5.108648300170898)
140
603.9549496898185 *** (964.6856079101562, 965.4292602539062, 0.37905463576316833, 4.830732345581055)
Networks Saved!
141
599.5435179056116 *** (970.2808837890625, 969.8746337890625, 0.32171547412872314, 4.118769645690918)
142
607.7004490325504 *** (971.6808471679688, 972.8794555664062, 0.315053254365921, 4.7046308517456055)
143
633.7157350154088 *** (972.77001953125, 973.0651245117188, 0.3192403316497803, 4.7987518310546875)
144
573.3236901040489 *** (969.6521606445312, 969.6016235351562, 0.335016667842865, 4.732170104980469)
145
608.0526492069304 *** (969.7168579101562, 970.543212890625, 0.36130353808403015, 4.535843849182129)
146
585.3024655257079 *** (965.2540893554688, 965.3800659179688, 0.3199525773525238, 4.579315662384033)
147
584.2715881617413 *** (954.5001831054688, 953.7177124023438, 0.31911835074424744, 4.402235984802246)
148
613.7774634929636 *** (965.7882690429688, 965.4660034179688, 0.35937705636024475, 4.696005821228027)
149
624.3166678594175 *** (967.3870239257812, 967.5859985351562, 0.31321749091148376, 4.438912391662598)
150
632.4872190589814 *** (964.7940063476562, 964.3178100585938, 0.38736921548843384, 4.885754108428955)
Eval! ***  332.9169802401953
Networks Saved!
151
583.0132489782548 *** (978.1311645507812, 977.0173950195312, 0.31786876916885376, 4.893939018249512)
152
624.5308376376727 *** (971.3359375, 972.4662475585938, 0.33287346363067627, 4.243921756744385)
153
642.6122661342686 *** (970.343994140625, 969.90087890625, 0.3360337018966675, 4.608275890350342)
154
604.7797031636021 *** (969.7532348632812, 972.192626953125, 0.36521288752555847, 4.945562362670898)
155
600.2466075595859 *** (979.1548461914062, 980.5003662109375, 0.3638235330581665, 5.005856037139893)
156
618.9894730119123 *** (980.2367553710938, 980.513916015625, 0.3428230583667755, 4.702376842498779)
157
609.9076277091639 *** (972.7277221679688, 972.8562622070312, 0.31409868597984314, 4.458516597747803)
158
627.0721552824342 *** (969.2526245117188, 968.5520629882812, 0.3344225585460663, 4.519473552703857)
159
610.2013648033378 *** (974.3438720703125, 975.6233520507812, 0.3057532012462616, 4.122527599334717)
160
617.6964826353092 *** (982.0728759765625, 982.6466674804688, 0.3322639465332031, 4.962640762329102)
Networks Saved!
161
645.3881213717887 *** (972.1888427734375, 972.1228637695312, 0.3610983192920685, 4.390706539154053)
162
641.4630317067707 *** (977.8726196289062, 976.4922485351562, 0.28556394577026367, 4.5397562980651855)
163
634.2534413805157 *** (978.507568359375, 977.5154418945312, 0.3575456142425537, 4.709074974060059)
164
634.2735149349719 *** (961.6383666992188, 962.0440063476562, 0.32498881220817566, 3.979790449142456)
165
629.1763115752933 *** (981.3601684570312, 982.3363647460938, 0.3110528290271759, 5.187216281890869)
166
642.3398174443477 *** (982.2274780273438, 980.7467651367188, 0.3035469353199005, 4.868579387664795)
167
636.3539520507809 *** (979.7290649414062, 980.185791015625, 0.3577004671096802, 5.178163528442383)
168
589.2712619757611 *** (981.9100952148438, 981.2221069335938, 0.31036293506622314, 4.468757629394531)
169
554.556409653139 *** (983.6782836914062, 982.9056396484375, 0.29265859723091125, 4.9395751953125)
170
519.3400448292567 *** (979.5851440429688, 978.4535522460938, 0.30251163244247437, 4.473812103271484)
Networks Saved!
171
650.9142661234035 *** (976.8832397460938, 976.3995361328125, 0.31437966227531433, 4.569480895996094)
172
601.9566949376382 *** (982.5977172851562, 982.7032470703125, 0.3286653459072113, 5.106016635894775)
173
617.9289561827937 *** (984.7177734375, 986.38671875, 0.3645063638687134, 5.359841346740723)
174
552.7449492407346 *** (982.719970703125, 983.221435546875, 0.32519033551216125, 5.296823501586914)
175
624.2785456765528 *** (972.6607666015625, 973.5438232421875, 0.3350135385990143, 4.415836811065674)
Eval! ***  603.5847051799924
176
598.8254849129007 *** (982.6549682617188, 983.296630859375, 0.2898915410041809, 4.896472454071045)
177
640.7199670718657 *** (984.9685668945312, 986.0116577148438, 0.3329582214355469, 4.6758952140808105)
178
627.541498469193 *** (974.4747924804688, 975.38671875, 0.33465659618377686, 4.796426773071289)
179
603.8769129366849 *** (984.8603515625, 984.2074584960938, 0.35408279299736023, 5.164988994598389)
180
644.883031661049 *** (981.915771484375, 981.93115234375, 0.31478968262672424, 4.4547343254089355)
Networks Saved!
181
619.5947788761459 *** (984.6071166992188, 985.2286376953125, 0.32493239641189575, 5.221627712249756)
182
629.7907735697752 *** (987.3467407226562, 987.4299926757812, 0.33503448963165283, 4.724871635437012)
183
635.4443716816868 *** (985.7232666015625, 984.4296264648438, 0.3336711525917053, 4.672306537628174)
184
628.6771882614129 *** (981.7747192382812, 982.0385131835938, 0.34988605976104736, 5.3801422119140625)
185
571.5966580342713 *** (986.5028686523438, 985.8146362304688, 0.307670533657074, 4.29457950592041)
186
636.5031621668312 *** (986.96826171875, 987.8592529296875, 0.322397381067276, 5.2108306884765625)
187
639.3801271258923 *** (983.6722412109375, 984.57080078125, 0.3006482720375061, 4.359410762786865)
188
646.4270903913336 *** (964.0272216796875, 964.7745361328125, 0.3343638479709625, 4.25560188293457)
189
632.9181459018214 *** (980.76171875, 980.0967407226562, 0.2938936948776245, 4.72348165512085)
190
570.0022293566692 *** (982.9978637695312, 983.8091430664062, 0.3685949742794037, 4.723790645599365)
Networks Saved!
191
640.8461099920312 *** (986.0672607421875, 985.3670654296875, 0.30739572644233704, 4.949254512786865)
192
597.4547197326674 *** (989.4432373046875, 989.5927124023438, 0.29050880670547485, 4.909287452697754)
193
589.96425328684 *** (983.1923828125, 983.0137939453125, 0.3736828565597534, 5.287660598754883)
194
629.2739989492154 *** (985.6234130859375, 985.5288696289062, 0.33237704634666443, 4.3672332763671875)
195
589.4781046461106 *** (983.7459106445312, 984.55810546875, 0.28266093134880066, 4.122279644012451)
196
631.9211740981106 *** (989.3441772460938, 988.1566162109375, 0.33765876293182373, 5.253455638885498)
197
613.6399326679268 *** (981.6272583007812, 981.59912109375, 0.31236395239830017, 5.7876877784729)
198
636.0109569204645 *** (983.6549072265625, 984.1884155273438, 0.32635870575904846, 5.440834045410156)
199
638.0092494621431 *** (985.9642333984375, 985.1155395507812, 0.3221244812011719, 5.423928260803223)
200
628.0870429637841 *** (983.934326171875, 983.8314819335938, 0.3032917082309723, 4.9409613609313965)
Eval! ***  634.4178436896266
Networks Saved!
201
619.6291477748247 *** (986.6152954101562, 986.0887451171875, 0.36354681849479675, 5.121588230133057)
202
565.0543730537806 *** (985.1397705078125, 985.7830810546875, 0.2883046567440033, 4.657354831695557)
203
635.2966995812683 *** (987.2092895507812, 988.2059326171875, 0.36872345209121704, 4.7219438552856445)
204
575.0912967502973 *** (986.118896484375, 986.2268676757812, 0.34876421093940735, 5.805534362792969)
205
649.8868435269192 *** (985.0242309570312, 984.4036865234375, 0.29740339517593384, 4.517483711242676)
206
639.8404205049818 *** (989.8455810546875, 990.5013427734375, 0.3387869596481323, 5.080455303192139)
207
604.3690294457251 *** (989.0095825195312, 989.0245361328125, 0.3329711854457855, 5.142125606536865)
208
646.3917854878683 *** (989.7033081054688, 990.4464721679688, 0.3730129897594452, 5.541901588439941)
209
602.0896332403222 *** (987.6148071289062, 986.4821166992188, 0.2772460877895355, 4.62813663482666)
210
646.1926407258394 *** (990.6033325195312, 990.7525634765625, 0.3219175636768341, 4.859181880950928)
Networks Saved!
211
634.8711169606345 *** (979.4530639648438, 981.0247192382812, 0.3179452121257782, 4.646586894989014)
212
600.2571623401192 *** (989.9085693359375, 990.0508422851562, 0.3503319025039673, 5.278510093688965)
213
578.4156658961921 *** (986.5953369140625, 986.3049926757812, 0.3471392095088959, 5.613016128540039)
214
644.0680139937182 *** (985.98046875, 986.4027709960938, 0.3864569067955017, 5.252205848693848)
215
579.0550517861296 *** (990.2192993164062, 989.2001342773438, 0.3182893693447113, 5.0623674392700195)
216
626.2586499287794 *** (992.647216796875, 993.5538940429688, 0.3811050355434418, 5.461152076721191)
217
637.6943316393614 *** (975.2413940429688, 975.81494140625, 0.38406825065612793, 4.997831344604492)
218
643.2935813917179 *** (988.87744140625, 988.3845825195312, 0.32713547348976135, 5.151910305023193)
219
594.0512655989162 *** (984.8672485351562, 983.5619506835938, 0.3567153215408325, 5.247297763824463)
220
617.8784600429578 *** (982.3980102539062, 983.4113159179688, 0.29456520080566406, 5.154379844665527)
Networks Saved!
221
638.6728045226013 *** (985.853759765625, 986.1132202148438, 0.3753772974014282, 5.191384792327881)
222
612.336300289301 *** (991.5545043945312, 991.9825439453125, 0.3528604805469513, 5.077934265136719)
223
641.3189924397683 *** (996.7936401367188, 996.6058959960938, 0.3291807770729065, 4.94597053527832)
224
457.90552812654073 *** (993.296875, 994.339111328125, 0.34799182415008545, 5.479764461517334)
225
650.183187803538 *** (988.5150146484375, 988.7310791015625, 0.3731082081794739, 4.677891731262207)
Eval! ***  641.3425851730523
226
600.1429587619833 *** (989.1604614257812, 989.184326171875, 0.3520127534866333, 4.7577385902404785)
227
641.4073158970256 *** (989.9187622070312, 988.67236328125, 0.40495628118515015, 5.609378337860107)
228
649.1255798161699 *** (990.3839111328125, 991.357177734375, 0.3368957042694092, 5.212436199188232)
229
621.054432598319 *** (990.0142211914062, 990.2899780273438, 0.36387768387794495, 4.929623126983643)
230
641.2461276007788 *** (991.6336669921875, 992.4168090820312, 0.316637247800827, 4.844210624694824)
Networks Saved!
231
635.218798830897 *** (991.1755981445312, 991.7973022460938, 0.3533501625061035, 6.124548435211182)
232
633.5010345693246 *** (992.0748291015625, 991.33154296875, 0.34459540247917175, 5.407649517059326)
233
599.5885529296389 *** (987.4823608398438, 988.420166015625, 0.3010800778865814, 5.520362377166748)
234
577.5817495721427 *** (996.769287109375, 996.4166259765625, 0.3361141085624695, 5.178898811340332)
235
621.7295749075512 *** (994.919189453125, 994.6017456054688, 0.29576778411865234, 5.1436638832092285)
236
595.6851054897583 *** (992.431884765625, 992.2465209960938, 0.36592552065849304, 4.99314546585083)
237
617.4047851736142 *** (990.90380859375, 991.1139526367188, 0.33688774704933167, 5.385992527008057)
238
624.1508775793985 *** (989.0851440429688, 990.0294189453125, 0.35622718930244446, 5.285446643829346)
239
620.5822237365394 *** (990.8114624023438, 990.3565063476562, 0.3895869255065918, 5.844446659088135)
240
596.9488602499833 *** (989.3988037109375, 989.75341796875, 0.3723428249359131, 4.842573642730713)
Networks Saved!
241
617.1440322313823 *** (992.8989868164062, 993.5767211914062, 0.3712044060230255, 4.902121543884277)
242
551.9056809394721 *** (981.1837768554688, 983.0103759765625, 0.3513772785663605, 5.241143703460693)
243
547.4686208521582 *** (994.5697021484375, 994.5469360351562, 0.323490172624588, 5.387162208557129)
244
606.118372588703 *** (991.7920532226562, 993.7982177734375, 0.31024715304374695, 5.074258804321289)
245
631.3722773965015 *** (996.6969604492188, 996.1338500976562, 0.36616501212120056, 5.418623924255371)
246
562.5565941634545 *** (996.4307861328125, 996.6964721679688, 0.3106960356235504, 5.079535961151123)
247
511.87534682244245 *** (988.571044921875, 988.3110961914062, 0.3989107310771942, 5.504367351531982)
248
643.3263475005136 *** (987.9745483398438, 988.3277587890625, 0.37773752212524414, 5.864302158355713)
249
534.2062675739257 *** (984.990966796875, 984.053466796875, 0.37248149514198303, 4.804816722869873)
250
541.2071237768715 *** (990.4343872070312, 990.9950561523438, 0.35256528854370117, 5.527342319488525)
Eval! ***  534.5802548874851
Networks Saved!
251
526.1617252615051 *** (991.9002685546875, 992.3074340820312, 0.3583593964576721, 5.036834716796875)
252
584.0365246034141 *** (990.6756591796875, 991.45458984375, 0.45801639556884766, 5.708267688751221)
253
613.9361328361481 *** (989.3623046875, 988.5938110351562, 0.33712321519851685, 4.969622611999512)
254
277.130390366826 *** (993.9527587890625, 993.4231567382812, 0.4023452699184418, 5.554765701293945)
255
608.5580858592616 *** (989.2835083007812, 988.848388671875, 0.3415699005126953, 5.125751972198486)
256
294.3344650740256 *** (986.25830078125, 986.7749633789062, 0.37352412939071655, 5.189411640167236)
257
581.3720028807835 *** (984.6362915039062, 986.085693359375, 0.32305678725242615, 4.946903705596924)
258
576.6308565042428 *** (988.5316162109375, 987.0985107421875, 0.3584722876548767, 5.701203346252441)
259
348.7361136197724 *** (988.5450439453125, 987.8414306640625, 0.35156118869781494, 4.86480712890625)
260
554.5647346358348 *** (986.4119873046875, 987.0941162109375, 0.3737890422344208, 6.186622142791748)
Networks Saved!
261
557.8645912468822 *** (986.3264770507812, 988.4635620117188, 0.38963019847869873, 5.197525978088379)
262
566.2735681051312 *** (991.1876831054688, 991.3610229492188, 0.34954532980918884, 4.607759475708008)
263
620.5161435330432 *** (985.3798828125, 985.3560791015625, 0.35297858715057373, 4.747325420379639)
264
626.4407281030045 *** (980.232177734375, 980.5992431640625, 0.31412795186042786, 5.0282816886901855)
265
450.5496542646188 *** (983.8370971679688, 983.9150390625, 0.33339187502861023, 5.022897243499756)
266
575.6022660710297 *** (988.9285278320312, 988.2017822265625, 0.3911684453487396, 4.876699924468994)
267
527.9482154997671 *** (983.2030639648438, 982.9834594726562, 0.36307960748672485, 4.941742897033691)
268
615.0466158863151 *** (987.7482299804688, 987.2105102539062, 0.3628348410129547, 5.531074047088623)
269
619.3684583001693 *** (986.4168701171875, 987.2193603515625, 0.38194891810417175, 5.62459135055542)
270
611.2920443982036 *** (983.6510009765625, 983.571533203125, 0.39757347106933594, 5.785208702087402)
Networks Saved!
271
571.6887288256734 *** (981.5775146484375, 981.7362670898438, 0.36156317591667175, 4.9168572425842285)
272
626.6981025316767 *** (982.14453125, 981.0790405273438, 0.35295239090919495, 5.554352760314941)
273
595.4635461824157 *** (984.2968139648438, 984.6282348632812, 0.342160165309906, 4.690365314483643)
274
644.2470178153675 *** (982.1478881835938, 983.6116943359375, 0.3441736400127411, 5.297647476196289)
275
614.0143544346984 *** (981.471923828125, 982.6121826171875, 0.34577831625938416, 4.936270236968994)
Eval! ***  605.0081999755689
276
437.69312566082766 *** (985.8365478515625, 984.087646484375, 0.35874196887016296, 5.223387241363525)
277
622.7187373141026 *** (978.2520141601562, 977.2426147460938, 0.344806045293808, 5.567785739898682)
278
384.6095816871458 *** (978.7559204101562, 979.3653564453125, 0.3316192626953125, 5.060952663421631)
279
565.5606456468755 *** (980.985107421875, 979.697021484375, 0.349649041891098, 5.251485347747803)
280
571.5047930798289 *** (982.2372436523438, 982.7704467773438, 0.3803742229938507, 5.3323163986206055)
Networks Saved!
281
569.0872267719737 *** (978.8626098632812, 981.1620483398438, 0.3399833142757416, 5.559017181396484)
282
644.8066881149739 *** (980.4517211914062, 981.609130859375, 0.3661293685436249, 5.575615882873535)
283
636.8853219010759 *** (976.5716552734375, 975.1953125, 0.36035022139549255, 4.978424072265625)
284
608.7447181239941 *** (979.7236938476562, 981.9020385742188, 0.4099661111831665, 5.434998512268066)
285
618.8588789290338 *** (976.919189453125, 976.7442626953125, 0.2850775718688965, 4.555165767669678)
286
628.4054703311542 *** (980.1488037109375, 980.2039184570312, 0.407532274723053, 5.529816150665283)
287
470.7208582888443 *** (977.4485473632812, 977.968505859375, 0.35892364382743835, 5.288655757904053)
288
541.9634198135913 *** (979.8453369140625, 979.07080078125, 0.3579193651676178, 4.991091728210449)
289
641.3544303672139 *** (979.380615234375, 979.513427734375, 0.38298696279525757, 5.613314628601074)
290
596.7206965399645 *** (978.3156127929688, 979.310546875, 0.33899986743927, 4.846529483795166)
Networks Saved!
291
599.1445679798792 *** (972.65185546875, 973.5187377929688, 0.3920743763446808, 5.1443891525268555)
292
620.2648528774938 *** (977.6819458007812, 977.31201171875, 0.3388429880142212, 4.669089317321777)
293
581.3168846116265 *** (977.7210083007812, 979.6424560546875, 0.3398866057395935, 5.153736591339111)
294
606.4626817400432 *** (978.9734497070312, 978.94921875, 0.3693962097167969, 5.111766338348389)
295
603.5655105730085 *** (978.1165161132812, 979.6611938476562, 0.330617219209671, 4.943436145782471)
296
644.2594405680595 *** (978.1246337890625, 979.5034790039062, 0.3754585087299347, 5.097087383270264)
297
633.1853614481785 *** (979.0286254882812, 979.193603515625, 0.3913634717464447, 5.503152847290039)
298
508.3400111616438 *** (978.8739624023438, 978.8321533203125, 0.38393884897232056, 5.498904705047607)
299
426.63779820171595 *** (978.5269775390625, 978.9927368164062, 0.3141018748283386, 4.5003342628479)
300
618.5855890078166 *** (982.6887817382812, 982.1731567382812, 0.41545194387435913, 5.420555114746094)
Eval! ***  572.4217457599152
Networks Saved!
301
605.6087213979717 *** (982.5645141601562, 982.9021606445312, 0.3274320960044861, 5.387752532958984)
302
616.7300609649686 *** (983.5784301757812, 983.4852294921875, 0.4083813726902008, 5.180949687957764)
303
632.7944063268461 *** (982.5520629882812, 981.8168334960938, 0.33972498774528503, 5.046652317047119)
304
640.6366510861358 *** (984.9276123046875, 984.263916015625, 0.3545610308647156, 5.467581748962402)
305
620.9472802966161 *** (975.1819458007812, 976.5613403320312, 0.38138723373413086, 5.157685279846191)
306
592.3803734967698 *** (984.12646484375, 983.998779296875, 0.4278585612773895, 5.90666389465332)
307
596.0509773617924 *** (982.6847534179688, 983.5706787109375, 0.3793933689594269, 5.808740139007568)
308
635.177115722245 *** (983.1106567382812, 983.150634765625, 0.35363975167274475, 5.384120464324951)
309
642.2650165468798 *** (985.23388671875, 984.3187866210938, 0.4052673280239105, 5.374051570892334)
310
571.92608419222 *** (983.1734619140625, 981.9564208984375, 0.3510039746761322, 5.367737770080566)
Networks Saved!
311
597.1159610785709 *** (979.5172729492188, 980.3775634765625, 0.333546906709671, 4.2746357917785645)
312
625.4342926254806 *** (982.4066162109375, 982.7490234375, 0.41998210549354553, 5.524187088012695)
313
620.8946179379087 *** (984.2099609375, 984.441162109375, 0.3558364510536194, 5.0794806480407715)
314
583.3303587987981 *** (986.8228149414062, 986.9954223632812, 0.3556861877441406, 5.705328941345215)
315
523.8007383821133 *** (987.6409912109375, 987.2070922851562, 0.3847307860851288, 5.16130256652832)
316
632.9968345216037 *** (980.6461791992188, 980.6025390625, 0.33861207962036133, 4.53554105758667)
317
594.290383689208 *** (991.5460815429688, 991.4448852539062, 0.3756045401096344, 5.497431755065918)
318
637.7905545386668 *** (987.654052734375, 990.5262451171875, 0.33137622475624084, 5.495285511016846)
319
621.0482238000936 *** (991.17822265625, 991.4781494140625, 0.3857105076313019, 5.148598670959473)
320
580.3151610967732 *** (986.1199340820312, 984.8596801757812, 0.3253646492958069, 4.654496192932129)
Networks Saved!
321
607.802220637279 *** (991.8281860351562, 990.7618408203125, 0.4013423025608063, 5.517580986022949)
322
624.5869612273142 *** (990.4535522460938, 991.1473388671875, 0.30459198355674744, 4.50409460067749)
323
607.5125914650164 *** (981.6516723632812, 982.289794921875, 0.3827931880950928, 5.411107063293457)
324
652.5847251821407 *** (984.0064086914062, 983.9694213867188, 0.3677813708782196, 5.326208591461182)
325
536.1730023226888 *** (984.4247436523438, 985.0217895507812, 0.35029423236846924, 5.6578264236450195)
Eval! ***  651.431825054254
326
637.8013360577576 *** (993.4481201171875, 992.7503051757812, 0.35450026392936707, 5.567995548248291)
327
585.2340033697712 *** (987.7025756835938, 986.309814453125, 0.3714090883731842, 5.452794551849365)
328
518.9147758667139 *** (990.5354614257812, 990.1860961914062, 0.3751026690006256, 5.579928874969482)
329
595.7744931854841 *** (982.4389038085938, 983.3095092773438, 0.3652943968772888, 5.348433494567871)
330
618.7847617411906 *** (997.431396484375, 995.6300048828125, 0.38441595435142517, 5.95970344543457)
Networks Saved!
331
574.8991094637446 *** (993.1201171875, 990.384521484375, 0.33476272225379944, 5.2120537757873535)
332
608.5350942285413 *** (988.8471069335938, 988.5825805664062, 0.37713703513145447, 5.326259136199951)
333
630.9983347652585 *** (994.2727661132812, 994.2581176757812, 0.36721959710121155, 5.761445999145508)
334
634.7164407275092 *** (990.2509765625, 989.885986328125, 0.3816440999507904, 5.174740314483643)
335
617.3397210706372 *** (988.6522216796875, 988.4526977539062, 0.38622087240219116, 5.561766624450684)
336
612.8638938604817 *** (987.5333862304688, 987.6857299804688, 0.3381141126155853, 4.85393762588501)
337
591.4246878296238 *** (983.166748046875, 983.2989501953125, 0.3523460030555725, 5.404922962188721)
338
525.7915085793717 *** (994.2420654296875, 994.8557739257812, 0.4126947820186615, 5.433022499084473)
339
590.2388744483626 *** (994.27685546875, 994.2210693359375, 0.3612581789493561, 5.373162746429443)
340
644.4343330376395 *** (989.4178466796875, 988.7359619140625, 0.3658212721347809, 5.777914524078369)
Networks Saved!
341
600.7272843197793 *** (993.69384765625, 993.1106567382812, 0.4161863327026367, 5.495733737945557)
342
615.3830954945336 *** (986.2447509765625, 985.608642578125, 0.37690287828445435, 5.35122013092041)
343
631.1386476832329 *** (986.772216796875, 986.1588134765625, 0.37373998761177063, 5.09962797164917)
344
630.6899368066446 *** (987.7540893554688, 988.2634887695312, 0.35999786853790283, 5.083906650543213)
345
609.2786049951641 *** (988.154052734375, 987.75830078125, 0.38503995537757874, 5.050408363342285)
346
576.6810519224409 *** (983.92626953125, 984.5457763671875, 0.42670562863349915, 5.844598293304443)
347
615.137696752041 *** (996.2176513671875, 996.1972045898438, 0.4034644663333893, 5.869753360748291)
348
596.9406602713225 *** (988.7970581054688, 990.4944458007812, 0.3504190444946289, 4.782831192016602)
349
611.723292677835 *** (990.7943115234375, 991.1251831054688, 0.41270002722740173, 5.342311859130859)
350
606.4481852163976 *** (987.2489624023438, 986.18701171875, 0.32344862818717957, 4.504481792449951)
Eval! ***  583.6406361950163
Networks Saved!
351
592.5057167446889 *** (989.012451171875, 988.1132202148438, 0.336927205324173, 5.206958293914795)
352
582.7286834510282 *** (981.5665283203125, 981.1495971679688, 0.3807947337627411, 5.041301250457764)
353
600.7509059052542 *** (990.914794921875, 989.81298828125, 0.3913704454898834, 4.829949378967285)
354
605.9192142151599 *** (985.7526245117188, 986.8807983398438, 0.3757484257221222, 5.157037258148193)
355
536.4871431542618 *** (987.9109497070312, 987.8831787109375, 0.4352666735649109, 5.419707298278809)
356
604.8383549488294 *** (991.1837768554688, 990.764404296875, 0.3799191117286682, 4.996737957000732)
357
616.9312732589607 *** (990.5888671875, 988.8666381835938, 0.36923232674598694, 5.431113243103027)
358
619.3821767596082 *** (986.7391967773438, 986.8460083007812, 0.34919559955596924, 5.198678970336914)
359
617.6124580249813 *** (990.8281860351562, 989.0972290039062, 0.3680849075317383, 5.3992600440979)
360
596.1028905234378 *** (987.427734375, 987.2455444335938, 0.36478766798973083, 5.733328819274902)
Networks Saved!
361
611.9307595838796 *** (986.4642333984375, 986.6443481445312, 0.3864097595214844, 5.007561683654785)
362
638.3437199941396 *** (980.8173828125, 980.7761840820312, 0.33961620926856995, 4.703653335571289)
363
583.6312791986045 *** (986.2074584960938, 987.2247314453125, 0.38368144631385803, 5.055388450622559)
364
522.3959968217697 *** (990.115478515625, 987.4595336914062, 0.36006927490234375, 4.854282855987549)
365
620.5592771514368 *** (976.2841796875, 976.7353515625, 0.3634014129638672, 5.191544532775879)
366
587.4701587952093 *** (985.0233154296875, 985.6885986328125, 0.3256964385509491, 5.383183002471924)
367
629.0611817106994 *** (985.9322509765625, 987.1476440429688, 0.37690651416778564, 5.251730442047119)
368
516.9806510309988 *** (986.654052734375, 987.7899780273438, 0.3241744637489319, 5.2655158042907715)
369
636.813314493456 *** (986.0968017578125, 987.4324951171875, 0.35192206501960754, 5.292085647583008)
370
644.4728142089614 *** (982.8610229492188, 983.60791015625, 0.3384150266647339, 5.176746845245361)
Networks Saved!
371
616.148039656234 *** (989.7302856445312, 989.1334838867188, 0.37810492515563965, 5.855612754821777)
372
622.377314532903 *** (987.8803100585938, 986.4108276367188, 0.3871833086013794, 5.72920036315918)
373
647.1309227409405 *** (984.6224975585938, 984.6885986328125, 0.3127310574054718, 5.199368000030518)
374
636.0384611649455 *** (986.4945678710938, 986.80322265625, 0.36264780163764954, 5.699805736541748)
375
617.5722728365206 *** (987.968505859375, 985.9929809570312, 0.3708476126194, 5.462850093841553)
Eval! ***  559.5676505093934
376
619.8130729294279 *** (983.1572875976562, 981.8858032226562, 0.35540688037872314, 5.7137651443481445)
377
612.2255833549696 *** (987.0001831054688, 987.0715942382812, 0.3644251227378845, 5.192155838012695)
378
522.035094257653 *** (981.273681640625, 980.5594482421875, 0.3627408444881439, 5.367090225219727)
379
604.987112225828 *** (985.0672607421875, 985.63134765625, 0.3816341757774353, 5.22511100769043)
380
637.6290446233487 *** (980.1637573242188, 980.6817016601562, 0.35182079672813416, 5.152254581451416)
Networks Saved!
381
614.4570316691513 *** (985.3698120117188, 984.9033813476562, 0.4225330948829651, 5.925278186798096)
382
666.8936347935006 *** (989.9176025390625, 988.745361328125, 0.3626178801059723, 5.489861965179443)
383
604.7320426546486 *** (986.6587524414062, 987.263671875, 0.38171663880348206, 5.660192966461182)
384
612.4958173921198 *** (988.6170654296875, 988.8881225585938, 0.37384432554244995, 5.538411617279053)
385
588.3539440715936 *** (985.6050415039062, 985.7833251953125, 0.3427064120769501, 4.7130584716796875)
386
603.5715958966026 *** (989.2708740234375, 989.0272216796875, 0.3848499357700348, 6.129370212554932)
387
628.0138266885496 *** (983.5941162109375, 981.8042602539062, 0.34816116094589233, 4.7632598876953125)
388
590.3472440634155 *** (985.7747192382812, 985.2926635742188, 0.34753820300102234, 5.293104648590088)
389
630.9713675423733 *** (990.4563598632812, 989.5029907226562, 0.34616827964782715, 4.954235553741455)
390
560.2640546042574 *** (984.5032348632812, 983.2078247070312, 0.32061663269996643, 5.113759517669678)
Networks Saved!
391
601.6335808019609 *** (984.5205688476562, 984.158935546875, 0.3306600749492645, 5.407073974609375)
392
608.9989891494445 *** (987.41650390625, 988.91650390625, 0.34691211581230164, 5.141229152679443)
393
628.0514656689568 *** (986.2625732421875, 985.40087890625, 0.3205670118331909, 5.158646106719971)
394
605.0367182630337 *** (986.8360595703125, 987.4762573242188, 0.38096243143081665, 5.350123882293701)
395
628.0721780113278 *** (987.0325317382812, 987.2210083007812, 0.3802551329135895, 5.537769794464111)
396
643.9862032726905 *** (986.6531982421875, 986.1718139648438, 0.3563617765903473, 6.272906303405762)
397
641.0438698615491 *** (983.9345703125, 983.1354370117188, 0.3681481182575226, 5.46990966796875)
398
613.3124258253066 *** (986.9365844726562, 986.775146484375, 0.340188205242157, 5.745571136474609)
399
586.5667049688246 *** (985.8731689453125, 986.7101440429688, 0.356531023979187, 5.479352951049805)
400
610.9608875823794 *** (983.8788452148438, 982.994140625, 0.33156508207321167, 5.264321327209473)
Eval! ***  627.8997156443833
Networks Saved!
401
595.289135612266 *** (986.152587890625, 985.87109375, 0.3969903588294983, 5.523320198059082)
402
585.5937223309523 *** (988.2053833007812, 988.9149169921875, 0.39541593194007874, 5.334853172302246)
403
606.1611019772075 *** (976.423583984375, 976.47998046875, 0.3906880021095276, 4.981155872344971)
404
591.0140314520144 *** (978.7911376953125, 980.6239624023438, 0.3868218958377838, 5.4698486328125)
405
614.3142286932151 *** (983.8570556640625, 982.9883422851562, 0.37612858414649963, 5.051558017730713)
406
623.4910326796565 *** (988.8258666992188, 989.5111694335938, 0.371236652135849, 5.401337623596191)
407
604.7105819175205 *** (986.9976806640625, 985.7230834960938, 0.3690987229347229, 5.566412448883057)
408
564.505696835112 *** (987.949951171875, 987.4011840820312, 0.36557650566101074, 5.252768516540527)
409
615.0496076486805 *** (979.5311279296875, 980.0349731445312, 0.2979419529438019, 5.237329483032227)
410
614.4856151707553 *** (983.1661376953125, 984.5358276367188, 0.37152257561683655, 5.173511028289795)
Networks Saved!
411
644.8306508329532 *** (988.0233764648438, 988.8095092773438, 0.3803490400314331, 5.774399280548096)
412
600.9219417279465 *** (978.1458129882812, 978.3419189453125, 0.3733704388141632, 5.427015781402588)
413
615.5222474260659 *** (977.5647583007812, 978.0904541015625, 0.3382394015789032, 4.8924174308776855)
414
623.4434710124917 *** (985.1757202148438, 984.6928100585938, 0.3267742097377777, 5.695703029632568)
415
615.0691757252713 *** (982.60009765625, 980.537109375, 0.3857482969760895, 5.959750652313232)
416
645.0223474327925 *** (980.60791015625, 979.75830078125, 0.3173010051250458, 5.4584879875183105)
417
634.665740229052 *** (985.61083984375, 985.900634765625, 0.3647257387638092, 6.2031731605529785)
418
614.6287370363254 *** (981.1488647460938, 979.3749389648438, 0.3834788501262665, 5.714105129241943)
419
589.4227121779505 *** (985.9027099609375, 988.1243286132812, 0.3718707263469696, 5.2204108238220215)
420
604.3425811363155 *** (979.8772583007812, 980.2363891601562, 0.3563142418861389, 5.180071830749512)
Networks Saved!
421
565.7962670153873 *** (985.7050170898438, 985.9720458984375, 0.3735095262527466, 6.088821887969971)
422
611.8175737967887 *** (981.4129028320312, 980.5323486328125, 0.40201112627983093, 5.274257659912109)
423
607.4257389826239 *** (980.477294921875, 980.861083984375, 0.3697463870048523, 5.344295501708984)
424
628.0837875155519 *** (982.1782836914062, 982.1858520507812, 0.37209680676460266, 5.822146892547607)
425
550.098892469293 *** (975.80810546875, 976.2677001953125, 0.33859336376190186, 5.685423374176025)
Eval! ***  568.397643924172
426
626.8415344549531 *** (981.2924194335938, 981.6793823242188, 0.34693342447280884, 5.624170780181885)
427
595.4731423767282 *** (986.4510498046875, 984.9993286132812, 0.33715614676475525, 5.442122459411621)
428
611.7378808650051 *** (966.8434448242188, 967.1768188476562, 0.3547014594078064, 5.738748073577881)
429
619.5680581646425 *** (978.7982177734375, 978.7293701171875, 0.3355967402458191, 5.125771522521973)
430
600.4190283037441 *** (987.6405029296875, 990.196044921875, 0.3567500114440918, 5.442671775817871)
Networks Saved!
431
624.985769409513 *** (979.9761962890625, 980.6055297851562, 0.39013761281967163, 5.0839996337890625)
432
633.677501549243 *** (980.3497924804688, 980.0728149414062, 0.4047459065914154, 5.671295642852783)
433
625.3885458766038 *** (983.8438110351562, 983.6583862304688, 0.403727650642395, 5.381771564483643)
434
592.2794975203028 *** (987.1688842773438, 987.71875, 0.35037025809288025, 5.33488655090332)
435
619.3915727858005 *** (971.0313110351562, 971.7086181640625, 0.3797733187675476, 5.439370155334473)
436
601.1587490879134 *** (979.8287353515625, 979.7400512695312, 0.36013761162757874, 5.64418363571167)
437
606.2352822914958 *** (979.7529907226562, 979.4483032226562, 0.31816524267196655, 5.630580425262451)
438
611.563074003368 *** (983.7233276367188, 986.8058471679688, 0.37398070096969604, 5.732496738433838)
439
609.3417744307608 *** (982.831787109375, 982.4157104492188, 0.37747901678085327, 4.980472087860107)
440
640.5809535428502 *** (981.720947265625, 980.82666015625, 0.41682174801826477, 5.693379878997803)
Networks Saved!
441
602.6734194379443 *** (976.5342407226562, 975.6245727539062, 0.3460111916065216, 5.386157512664795)
442
632.3350488495383 *** (979.4078369140625, 979.3536376953125, 0.37189337611198425, 5.5361504554748535)
443
323.310722665108 *** (979.9842529296875, 979.6994018554688, 0.3771865665912628, 6.10548210144043)
444
641.7652048674563 *** (978.9124755859375, 978.187255859375, 0.3826209604740143, 5.331987380981445)
445
615.6600593240489 *** (981.1166381835938, 982.65576171875, 0.33549240231513977, 5.925003528594971)
446
631.3002068445087 *** (978.2698974609375, 979.815673828125, 0.35806989669799805, 5.125528335571289)
447
521.7093384041956 *** (975.5154418945312, 975.2427368164062, 0.4330478310585022, 5.91715669631958)
448
607.360283254395 *** (981.5208740234375, 981.9148559570312, 0.33492836356163025, 5.553729057312012)
449
602.2450100946719 *** (980.4403686523438, 982.25048828125, 0.3623692989349365, 5.7509355545043945)
450
609.9218013618904 *** (980.5433349609375, 982.326416015625, 0.3547190725803375, 5.570799350738525)
Eval! ***  637.7873279251263
Networks Saved!
451
601.151738487012 *** (982.3170776367188, 983.2617797851562, 0.3552658259868622, 5.567533016204834)
452
644.7869838013651 *** (972.3106079101562, 972.898193359375, 0.3397595286369324, 5.442878723144531)
453
649.1340741651933 *** (975.005859375, 975.1138916015625, 0.36961492896080017, 5.720231056213379)
454
630.7297028133336 *** (980.5230102539062, 980.12255859375, 0.38319671154022217, 6.029595375061035)
455
612.4721457357006 *** (978.3901977539062, 980.4013671875, 0.3767578899860382, 5.709639549255371)
456
609.7932081577192 *** (974.8243408203125, 976.0712890625, 0.3934619724750519, 6.140628337860107)
457
606.5464787388969 *** (981.3803100585938, 982.0621948242188, 0.3563693165779114, 5.847177505493164)
458
619.1244550347064 *** (975.55029296875, 974.9960327148438, 0.3699069917201996, 5.536934852600098)
459
317.46591546234174 *** (979.2457275390625, 978.5135498046875, 0.32941579818725586, 5.330967903137207)
460
616.302784552045 *** (975.3267211914062, 977.0744018554688, 0.3595101833343506, 6.210247039794922)
Networks Saved!
461
616.2974556767023 *** (971.1685791015625, 970.9558715820312, 0.3557793200016022, 5.37860107421875)
462
492.3500216430297 *** (978.8507690429688, 976.5171508789062, 0.3343842625617981, 5.858306884765625)
463
616.5127672355583 *** (970.7384033203125, 970.8550415039062, 0.32171928882598877, 5.489459037780762)
464
616.9107935080526 *** (981.62841796875, 983.7575073242188, 0.28145164251327515, 5.49802303314209)
465
649.0905626271727 *** (978.7241821289062, 978.8251342773438, 0.3640376925468445, 5.771074295043945)
466
638.2127101559727 *** (976.1828002929688, 975.522705078125, 0.3202590048313141, 4.952847957611084)
467
598.1558466409604 *** (979.1536254882812, 977.2512817382812, 0.3582746088504791, 5.565600395202637)
468
612.9659797168567 *** (978.4361572265625, 978.3036499023438, 0.3681907653808594, 5.515956878662109)
469
596.7785137301462 *** (980.1920776367188, 980.996337890625, 0.3121349513530731, 5.597519397735596)
470
576.2759782531732 *** (979.5869750976562, 979.6229858398438, 0.3549725115299225, 6.14256477355957)
Networks Saved!
471
622.4785488457685 *** (973.9925537109375, 973.0629272460938, 0.37046992778778076, 6.030080318450928)
472
619.1714960868981 *** (987.3116455078125, 987.3516235351562, 0.3238529860973358, 5.776364803314209)
473
619.6081623514384 *** (981.5042724609375, 981.8494873046875, 0.3613775074481964, 5.481526851654053)
474
603.7632351634156 *** (976.1032104492188, 975.6455078125, 0.3564884066581726, 5.30668830871582)
475
373.68799022811635 *** (987.1405029296875, 985.5078735351562, 0.350778728723526, 6.071998119354248)
Eval! ***  637.0659486657786
476
636.1806441542208 *** (983.8373413085938, 983.2137451171875, 0.3560613691806793, 5.422221660614014)
477
642.0574371878598 *** (979.6428833007812, 980.2390747070312, 0.38304153084754944, 5.903964519500732)
478
636.5469990707786 *** (977.828369140625, 977.7656860351562, 0.3184153437614441, 5.585434913635254)
479
644.0039778400486 *** (976.4096069335938, 977.3067626953125, 0.32835298776626587, 5.59704065322876)
480
612.3445744279674 *** (977.8018798828125, 978.5559692382812, 0.3491264283657074, 5.636279106140137)
Networks Saved!
481
635.7637884417225 *** (981.2466430664062, 980.8283081054688, 0.36508703231811523, 5.363764762878418)
482
616.5064758064116 *** (977.5470581054688, 977.0069580078125, 0.37957635521888733, 4.965321063995361)
483
599.7978312693617 *** (980.11376953125, 979.974853515625, 0.30946865677833557, 5.736719131469727)
484
631.6610276158303 *** (980.2496948242188, 980.2269897460938, 0.34771591424942017, 5.408900260925293)
485
609.1318652919756 *** (971.1239013671875, 970.0413818359375, 0.3617379665374756, 5.953975677490234)
486
615.4228226962298 *** (987.0589599609375, 987.9484252929688, 0.35916534066200256, 5.499096393585205)
487
595.4668515152123 *** (979.5640869140625, 978.660888671875, 0.37788641452789307, 5.7192559242248535)
488
397.45959994052305 *** (984.2571411132812, 983.9171752929688, 0.32910415530204773, 4.993332862854004)
489
642.6853496954702 *** (970.6160278320312, 970.8168334960938, 0.3587518334388733, 5.27726411819458)
490
622.2589924559412 *** (983.1851196289062, 983.4644775390625, 0.3788396418094635, 6.092751502990723)
Networks Saved!
491
612.8622781439058 *** (982.1906127929688, 981.5118408203125, 0.3725917637348175, 5.6161417961120605)
492
623.851501314104 *** (979.857421875, 979.1095581054688, 0.3370659649372101, 5.182925701141357)
493
639.5715238004663 *** (977.6931762695312, 977.7923583984375, 0.37795302271842957, 5.506563663482666)
494
608.1300946669986 *** (982.2265625, 979.626953125, 0.35556304454803467, 5.392818927764893)
495
638.5328623950247 *** (978.1988525390625, 979.0933837890625, 0.3839608430862427, 6.005850315093994)
496
632.6774416510233 *** (983.1890258789062, 982.2651977539062, 0.3460882902145386, 5.590929985046387)
497
618.4219741623879 *** (982.2103271484375, 983.4585571289062, 0.3400244414806366, 5.759233474731445)
498
609.6268863450679 *** (983.9824829101562, 983.1199951171875, 0.3657996356487274, 5.682995319366455)
499
639.5215511033559 *** (978.2356567382812, 979.2989501953125, 0.3414671719074249, 5.687809944152832)
500
630.3074556324907 *** (978.7665405273438, 978.13818359375, 0.34384918212890625, 5.000879764556885)
Eval! ***  634.1704620400093
Networks Saved!
501
623.4705474183519 *** (979.8355102539062, 979.5090942382812, 0.34598734974861145, 5.3655571937561035)
502
611.4780103296348 *** (978.5662841796875, 978.1339721679688, 0.34770509600639343, 5.322203159332275)
503
635.3569848365004 *** (978.8782958984375, 978.4442138671875, 0.38143888115882874, 5.928869724273682)
504
621.6376706350055 *** (983.437744140625, 984.82666015625, 0.35494959354400635, 5.648284912109375)
505
644.7470965298509 *** (982.28955078125, 983.1927490234375, 0.3190411627292633, 5.980648040771484)
506
636.0175994145064 *** (972.3353271484375, 973.4760131835938, 0.3786635994911194, 5.625292778015137)
507
510.81401969808803 *** (983.6300048828125, 982.50244140625, 0.36560478806495667, 5.235465049743652)
508
622.8601753408473 *** (983.7553100585938, 982.9649047851562, 0.42415061593055725, 5.86770486831665)
509
619.0074590352331 *** (985.5133666992188, 988.2177124023438, 0.38333702087402344, 5.52104377746582)
510
619.8889917181781 *** (980.1277465820312, 980.5043334960938, 0.34982696175575256, 5.319490909576416)
Networks Saved!
511
643.9084905280058 *** (986.5828857421875, 985.8058471679688, 0.3820664882659912, 5.648988723754883)
512
633.1442226406867 *** (978.5436401367188, 980.2484741210938, 0.3908638060092926, 5.824535369873047)
513
623.0509408999525 *** (982.5057983398438, 983.3236083984375, 0.3757447302341461, 6.048112869262695)
514
629.0567996624277 *** (978.2047729492188, 978.8450317382812, 0.4150005280971527, 5.677981853485107)
515
414.12141480811476 *** (984.0413208007812, 984.5517578125, 0.36297503113746643, 5.447484493255615)
516
622.4145517518513 *** (984.4044799804688, 984.8101196289062, 0.4138091802597046, 5.746541500091553)
517
601.3285832034798 *** (986.7899780273438, 986.3231811523438, 0.3668487071990967, 5.392002582550049)
518
616.0406337098544 *** (982.533203125, 983.7510375976562, 0.3661041855812073, 6.016088962554932)
519
580.025734027305 *** (983.2619018554688, 983.220947265625, 0.39607542753219604, 5.269629955291748)
520
605.2979941152345 *** (979.183349609375, 980.8601684570312, 0.3338061571121216, 5.979183673858643)
Networks Saved!
521
631.9482308635688 *** (978.3206787109375, 977.7237548828125, 0.3627064526081085, 5.5261406898498535)
522
628.1760925196224 *** (983.2464599609375, 980.7488403320312, 0.3758343458175659, 5.594589710235596)
523
616.623651245145 *** (985.0955810546875, 984.7381591796875, 0.3630545437335968, 5.208187103271484)
524
618.0850333777398 *** (972.0867309570312, 971.2427368164062, 0.3659430742263794, 5.28892707824707)
525
538.7137487638344 *** (977.6165771484375, 977.3280639648438, 0.38178953528404236, 5.095271587371826)
Eval! ***  638.0277074431941
526
605.3097206843705 *** (982.6201171875, 982.1087646484375, 0.38415762782096863, 6.1359148025512695)
527
569.6835089757894 *** (981.2360229492188, 982.6364135742188, 0.4189318120479584, 5.744115352630615)
528
628.2670995982252 *** (979.6784057617188, 978.6648559570312, 0.39457881450653076, 5.916040420532227)
529
614.1115599070304 *** (979.0956420898438, 979.20458984375, 0.40510398149490356, 5.489782810211182)
530
629.2632908584601 *** (975.7410888671875, 974.8749389648438, 0.3917202651500702, 5.715670108795166)
Networks Saved!
531
622.3036393251107 *** (979.9212036132812, 979.5437622070312, 0.3741929531097412, 5.833614349365234)
532
614.3841960836073 *** (982.065185546875, 983.8800048828125, 0.35008978843688965, 5.56103515625)
533
625.2940498484395 *** (978.8465576171875, 979.95751953125, 0.3767377436161041, 5.982170104980469)
534
604.4675737665088 *** (983.6624145507812, 983.0504150390625, 0.34435003995895386, 5.4167022705078125)
535
609.2626903742125 *** (976.1195678710938, 976.602294921875, 0.36201903223991394, 6.107509613037109)
536
622.7087218321291 *** (978.8993530273438, 979.0469360351562, 0.36956724524497986, 5.993840217590332)
537
624.334523925616 *** (977.807861328125, 978.9765014648438, 0.3612557053565979, 5.988714694976807)
538
630.264205763686 *** (979.0820922851562, 978.924072265625, 0.3715628683567047, 5.252266883850098)
539
613.3484794097058 *** (978.0310668945312, 977.608642578125, 0.36834147572517395, 5.2821173667907715)
540
600.5850516230482 *** (971.6709594726562, 971.0518188476562, 0.38235148787498474, 5.066170692443848)
Networks Saved!
541
623.6085980541396 *** (984.5255737304688, 985.7089233398438, 0.412668377161026, 5.966679573059082)
542

