/home/duju/cd2018-2,p3.5/bin/python3 /home/duju/animal_ai_olympics/duju_animal_ai_olympics/tdqn_exp/base_tdqn_conv.py
Conv_Discrete_TDQN_first
reward_compensate 1
input channel size :  3
fc input size :  1536
input channel size :  3
fc input size :  1536
Triple_DQN(
  (q1_conv1): Conv2d(3, 32, kernel_size=(5, 5), stride=(2, 2), padding=(2, 2))
  (q1_conv2): Conv2d(32, 32, kernel_size=(5, 5), stride=(2, 2), padding=(2, 2))
  (q1_conv3): Conv2d(32, 16, kernel_size=(3, 3), stride=(2, 2), padding=(1, 1))
  (q1_fc1): Linear(in_features=1536, out_features=256, bias=True)
  (q1_fc2): Linear(in_features=256, out_features=2, bias=True)
  (q2_conv1): Conv2d(3, 32, kernel_size=(5, 5), stride=(2, 2), padding=(2, 2))
  (q2_conv2): Conv2d(32, 32, kernel_size=(5, 5), stride=(2, 2), padding=(2, 2))
  (q2_conv3): Conv2d(32, 16, kernel_size=(3, 3), stride=(2, 2), padding=(1, 1))
  (q2_fc1): Linear(in_features=1536, out_features=256, bias=True)
  (q2_fc2): Linear(in_features=256, out_features=2, bias=True)
  (q3_conv1): Conv2d(3, 32, kernel_size=(5, 5), stride=(2, 2), padding=(2, 2))
  (q3_conv2): Conv2d(32, 32, kernel_size=(5, 5), stride=(2, 2), padding=(2, 2))
  (q3_conv3): Conv2d(32, 16, kernel_size=(3, 3), stride=(2, 2), padding=(1, 1))
  (q3_fc1): Linear(in_features=1536, out_features=256, bias=True)
  (q3_fc2): Linear(in_features=256, out_features=2, bias=True)
)
1	67 *** (0.25850436091423035, 0.26172688603401184, 0.2603200376033783, 0.6879636645317078, 0.06848488748073578)
2	136 *** (0.6753175854682922, 0.6883370280265808, 0.6514655351638794, 0.6850497126579285, 0.1006316989660263)
3	69 *** (1.010267734527588, 1.0124925374984741, 0.9879665970802307, 0.6836854219436646, 0.12010549008846283)
4	91 *** (1.3905738592147827, 1.3239797353744507, 1.38165283203125, 0.6865710020065308, 0.10509978234767914)
5	148 *** (1.5042831897735596, 1.5677461624145508, 1.5432807207107544, 0.690636932849884, 0.09385108947753906)
6	153 *** (1.9803707599639893, 1.9148939847946167, 1.950738549232483, 0.6907064914703369, 0.1150924563407898)
7	141 *** (1.6162950992584229, 1.581735610961914, 1.7144527435302734, -inf, 0.11747687309980392)
8	167 *** (3.1100471019744873, 3.050446033477783, 3.1908323764801025, 0.6758191585540771, 0.1460844874382019)
9	143 *** (2.650352716445923, 2.852882146835327, 2.9035143852233887, 0.672732949256897, 0.09835566580295563)
10	172 *** (3.494410991668701, 3.7372474670410156, 3.5153727531433105, 0.6915011405944824, 0.12116815149784088)
11	193 *** (2.646368980407715, 2.7207460403442383, 2.8108036518096924, -inf, 0.12250564992427826)
12	184 *** (4.1906280517578125, 4.069279193878174, 4.104471683502197, 0.6914348602294922, 0.1481536328792572)
13	156 *** (4.5474066734313965, 4.227580547332764, 4.446928977966309, 0.6777396202087402, 0.1439826786518097)
14	126 *** (4.774236679077148, 5.030606269836426, 4.852386474609375, 0.6913794279098511, 0.13458216190338135)
15	192 *** (7.4587483406066895, 6.9289422035217285, 7.649535655975342, 0.6882191896438599, 0.18059518933296204)
16	152 *** (4.154566764831543, 4.162044525146484, 4.1045989990234375, 0.6920949220657349, 0.16470327973365784)
17	121 *** (6.446280479431152, 6.3308844566345215, 6.809647560119629, 0.6877453923225403, 0.12210847437381744)
18	152 *** (5.986090660095215, 5.955814361572266, 6.000505447387695, 0.6919381618499756, 0.16642551124095917)
19	166 *** (7.630467891693115, 7.1646013259887695, 7.606722831726074, 0.6913150548934937, 0.11610911786556244)
20	199 *** (9.049440383911133, 8.091080665588379, 9.495229721069336, 0.6925933957099915, 0.1610897034406662)
21	171 *** (9.623556137084961, 9.973348617553711, 8.979992866516113, 0.6924402713775635, 0.182935893535614)
22	218 *** (6.052210807800293, 5.9717535972595215, 5.474060535430908, 0.692069411277771, 0.14392727613449097)
23	195 *** (7.137192249298096, 7.222940921783447, 7.4361491203308105, 0.6919082403182983, 0.17134852707386017)
24	120 *** (9.143411636352539, 9.439727783203125, 9.036908149719238, 0.6923482418060303, 0.16974982619285583)
25	163 *** (9.66659164428711, 9.722159385681152, 8.906997680664062, 0.6881394982337952, 0.12906129658222198)
Eval! ***  226.14234557450035
Networks Saved!
26	219 *** (5.881899833679199, 6.161403179168701, 5.972750663757324, 0.6925852298736572, 0.194021075963974)
27	192 *** (9.357671737670898, 10.450172424316406, 9.256233215332031, 0.6929492354393005, 0.20879070460796356)
28	191 *** (5.798150539398193, 6.139467716217041, 5.739026069641113, 0.6866710186004639, 0.16440936923027039)
29	199 *** (9.922079086303711, 10.14393424987793, 10.543533325195312, 0.6794872283935547, 0.1676526963710785)
30	195 *** (9.255253791809082, 9.644817352294922, 10.29178524017334, 0.6927278637886047, 0.1592201590538025)
31	167 *** (7.969098091125488, 7.173752784729004, 7.20255708694458, 0.6923677921295166, 0.15361067652702332)
32	197 *** (16.140256881713867, 16.360828399658203, 15.56806755065918, 0.6925594806671143, 0.19551929831504822)
33	185 *** (12.988666534423828, 13.817987442016602, 13.757369041442871, 0.692152202129364, 0.1454622894525528)
34	182 *** (7.846810817718506, 7.482817649841309, 7.656465530395508, 0.6926540732383728, 0.12226474285125732)
35	169 *** (12.114888191223145, 12.449383735656738, 12.905425071716309, 0.6929613351821899, 0.20467521250247955)
36	150 *** (10.099671363830566, 9.366151809692383, 9.7379789352417, 0.6924352645874023, 0.15808157622814178)
37	247 *** (9.513349533081055, 9.107412338256836, 8.856222152709961, 0.6921117305755615, 0.11906827241182327)
38	197 *** (14.342397689819336, 14.22924518585205, 14.517542839050293, 0.6926678419113159, 0.20664620399475098)
39	202 *** (14.310187339782715, 13.358331680297852, 14.901528358459473, 0.6920384168624878, 0.19293951988220215)
40	266 *** (14.91085433959961, 14.45100212097168, 15.219096183776855, 0.6920263767242432, 0.18506336212158203)
41	233 *** (10.633806228637695, 11.816322326660156, 11.328556060791016, 0.692781925201416, 0.18359170854091644)
42	196 *** (15.955076217651367, 17.174104690551758, 16.94893455505371, 0.6924386024475098, 0.12200334668159485)
43	210 *** (13.510636329650879, 13.767827987670898, 15.379724502563477, 0.6927646398544312, 0.1491509974002838)
44	188 *** (10.424309730529785, 11.078804969787598, 10.856523513793945, 0.6919211149215698, 0.15918108820915222)
45	174 *** (7.804356575012207, 8.928128242492676, 8.218611717224121, 0.6929320096969604, 0.14276352524757385)
46	235 *** (9.3636474609375, 10.646111488342285, 9.550829887390137, 0.6929641962051392, 0.1829131841659546)
47	283 *** (14.035236358642578, 12.459714889526367, 12.809311866760254, -inf, 0.17548105120658875)
48	224 *** (10.871777534484863, 10.88025188446045, 10.39931583404541, 0.6927661895751953, 0.15803351998329163)
49	195 *** (8.496710777282715, 8.1791353225708, 8.289665222167969, 0.6925801038742065, 0.17727237939834595)
50	224 *** (16.080291748046875, 16.936182022094727, 16.016958236694336, 0.6919509172439575, 0.2363964319229126)
Eval! ***  228.14832328143498
Networks Saved!
51	206 *** (9.476436614990234, 9.224212646484375, 9.332986831665039, 0.6927220821380615, 0.1503034085035324)
52	198 *** (16.23256492614746, 16.78061294555664, 15.194170951843262, 0.6919884085655212, 0.194959819316864)
53	211 *** (19.45931053161621, 17.799585342407227, 20.19183349609375, 0.692357063293457, 0.17792822420597076)
54	162 *** (13.124639511108398, 12.54796028137207, 13.396583557128906, 0.6929514408111572, 0.136499285697937)
55	213 *** (15.965014457702637, 14.813384056091309, 16.044557571411133, 0.6930058598518372, 0.21138492226600647)
56	226 *** (14.757165908813477, 13.074746131896973, 13.276653289794922, -inf, 0.17317412793636322)
57	176 *** (14.181816101074219, 13.90902328491211, 14.750715255737305, -inf, 0.2229233980178833)
58	235 *** (11.678768157958984, 11.616629600524902, 12.707539558410645, 0.6900612115859985, 0.14173835515975952)
59	191 *** (17.85162353515625, 18.168025970458984, 18.059703826904297, 0.6926993131637573, 0.1962278187274933)
60	182 *** (15.1105375289917, 13.768216133117676, 13.100600242614746, 0.6916217803955078, 0.2000335156917572)
61	249 *** (12.612333297729492, 13.484161376953125, 12.943170547485352, 0.6918279528617859, 0.19802913069725037)
62	239 *** (19.183504104614258, 17.72538948059082, 20.746524810791016, 0.6926969289779663, 0.20143702626228333)
63	217 *** (11.096209526062012, 11.333740234375, 10.148975372314453, 0.6913617849349976, 0.14125676453113556)
64	238 *** (16.11930274963379, 16.867464065551758, 17.099258422851562, -inf, 0.15829351544380188)
65	200 *** (18.68699836730957, 17.16025733947754, 17.299449920654297, 0.6928486824035645, 0.19385260343551636)
66	239 *** (9.994864463806152, 10.34738540649414, 9.421234130859375, 0.6919161081314087, 0.1611766815185547)
67	221 *** (19.208879470825195, 19.612747192382812, 17.970102310180664, 0.6928157806396484, 0.2029183954000473)
68	168 *** (14.403725624084473, 14.723926544189453, 14.902244567871094, 0.6928842067718506, 0.21701548993587494)
69	173 *** (21.18739128112793, 21.74294662475586, 21.215036392211914, 0.687126874923706, 0.15998715162277222)
70	137 *** (15.365763664245605, 15.762686729431152, 15.288589477539062, 0.6928346157073975, 0.22722052037715912)
71	237 *** (14.753249168395996, 14.292723655700684, 14.630765914916992, 0.6928388476371765, 0.18818309903144836)
72	255 *** (11.803958892822266, 12.105545043945312, 12.127142906188965, 0.6919542551040649, 0.1855260729789734)
73	219 *** (12.244186401367188, 11.107097625732422, 11.937494277954102, 0.6928037405014038, 0.20258991420269012)
74	161 *** (17.982955932617188, 15.584149360656738, 15.533992767333984, 0.6906563639640808, 0.2372344583272934)
75	192 *** (14.478803634643555, 14.859793663024902, 15.209790229797363, 0.6926816701889038, 0.1797504723072052)
Eval! ***  142.0099024378266
Networks Saved!
76	233 *** (15.312582969665527, 14.933911323547363, 14.808923721313477, -inf, 0.1416696161031723)
77	191 *** (11.583904266357422, 11.969084739685059, 11.087355613708496, 0.6929022073745728, 0.22415244579315186)
78	211 *** (16.063020706176758, 19.734027862548828, 17.678939819335938, 0.6925944685935974, 0.1951954960823059)
79	202 *** (11.216409683227539, 11.518571853637695, 11.032936096191406, 0.6926720142364502, 0.16086620092391968)
80	257 *** (12.429606437683105, 13.280156135559082, 13.17852783203125, 0.6925588250160217, 0.1565563678741455)
81	252 *** (11.4794282913208, 11.439440727233887, 11.32502269744873, 0.6898654699325562, 0.15668241679668427)
82	189 *** (16.898557662963867, 16.26480484008789, 16.157407760620117, 0.6843109130859375, 0.21388354897499084)
83	211 *** (15.108466148376465, 16.168241500854492, 15.391627311706543, 0.6923052668571472, 0.1907762587070465)
84	262 *** (25.250986099243164, 23.561744689941406, 25.662134170532227, 0.6920088529586792, 0.16639667749404907)
85	164 *** (15.353370666503906, 14.889786720275879, 15.749279022216797, 0.6928540468215942, 0.21856558322906494)
86	179 *** (13.727139472961426, 12.876459121704102, 12.333616256713867, 0.6929627656936646, 0.21315541863441467)
87	187 *** (15.613698959350586, 14.676634788513184, 15.509008407592773, 0.6926304697990417, 0.1842225193977356)
88	202 *** (17.31732940673828, 17.375303268432617, 16.967376708984375, 0.6909602880477905, 0.15139424800872803)
89	233 *** (15.04551887512207, 15.652946472167969, 15.067317008972168, 0.6924594640731812, 0.1841122806072235)
90	197 *** (13.539414405822754, 14.296762466430664, 14.278246879577637, 0.6927893161773682, 0.1857546865940094)
91	171 *** (12.795145034790039, 12.650195121765137, 12.31762409210205, 0.6823079586029053, 0.1385369896888733)
92	239 *** (16.5899600982666, 16.43613624572754, 17.157201766967773, 0.6930031180381775, 0.20505192875862122)
93	346 *** (16.682432174682617, 15.928807258605957, 15.530251502990723, 0.6861008405685425, 0.234438955783844)
94	257 *** (11.882844924926758, 11.667594909667969, 12.031281471252441, 0.6923224925994873, 0.1543799787759781)
95	213 *** (15.029346466064453, 16.87533950805664, 15.614892959594727, 0.692308783531189, 0.23218107223510742)
96	181 *** (15.382186889648438, 15.478484153747559, 16.380285263061523, 0.6928948163986206, 0.16726922988891602)
97	190 *** (14.062841415405273, 14.678483009338379, 14.412332534790039, 0.6914553046226501, 0.1702900528907776)
98	172 *** (15.878438949584961, 15.669297218322754, 14.892094612121582, 0.6927541494369507, 0.16957217454910278)
99	198 *** (17.551685333251953, 15.746024131774902, 16.464651107788086, 0.6924304366111755, 0.22712594270706177)
100	192 *** (17.09549903869629, 16.822216033935547, 17.562816619873047, 0.6926987767219543, 0.22067499160766602)
Eval! ***  221.62216628268132
Networks Saved!
101	241 *** (16.979679107666016, 16.499813079833984, 15.856159210205078, 0.6929609775543213, 0.20196141302585602)
102	262 *** (17.05400848388672, 17.306167602539062, 17.233482360839844, 0.6926722526550293, 0.21445903182029724)
103	226 *** (12.711383819580078, 12.804009437561035, 12.9537992477417, 0.6929520964622498, 0.14983421564102173)
104	241 *** (15.983039855957031, 16.691783905029297, 16.080280303955078, 0.692882239818573, 0.19590458273887634)
105	283 *** (16.21623420715332, 16.502878189086914, 16.48290252685547, 0.6915850639343262, 0.20310941338539124)
106	325 *** (17.015783309936523, 18.035980224609375, 17.923803329467773, 0.6928461790084839, 0.16936010122299194)
107	207 *** (18.244461059570312, 17.996248245239258, 18.660812377929688, 0.692878007888794, 0.21815624833106995)
108	243 *** (13.92139720916748, 14.640878677368164, 13.959341049194336, 0.6927701234817505, 0.1583728790283203)
109	197 *** (16.72377586364746, 17.002513885498047, 16.697893142700195, 0.6929517388343811, 0.17416930198669434)
110	243 *** (18.087600708007812, 18.05715560913086, 16.858753204345703, 0.6929613351821899, 0.19570967555046082)
111	213 *** (16.933631896972656, 18.785348892211914, 18.522357940673828, 0.692322313785553, 0.23434577882289886)
112	197 *** (17.789260864257812, 18.33049774169922, 17.547061920166016, 0.6930338740348816, 0.203192800283432)
113	243 *** (15.728970527648926, 14.829705238342285, 15.40255069732666, 0.6828837990760803, 0.1829192340373993)
114	261 *** (22.1925048828125, 20.615726470947266, 21.098283767700195, 0.692490816116333, 0.1602836400270462)
115	251 *** (17.337743759155273, 17.323352813720703, 17.543607711791992, 0.6927282810211182, 0.16190263628959656)
116	314 *** (16.918697357177734, 16.638172149658203, 16.504640579223633, 0.6917204260826111, 0.2169000506401062)
117	220 *** (19.77004623413086, 18.77702522277832, 21.209680557250977, 0.6929593086242676, 0.22843173146247864)
118	297 *** (17.37270164489746, 17.423192977905273, 18.740386962890625, -inf, 0.20230214297771454)
119	212 *** (16.387575149536133, 17.040409088134766, 17.42203140258789, 0.6929564476013184, 0.17274077236652374)
120	238 *** (17.485403060913086, 17.52100372314453, 17.567672729492188, 0.6930207014083862, 0.22585268318653107)
121	181 *** (20.312828063964844, 20.33747100830078, 22.1021671295166, 0.6923035383224487, 0.1879080832004547)
122	292 *** (15.044679641723633, 14.88935375213623, 15.243101119995117, 0.6927459239959717, 0.2030814290046692)
123	242 *** (21.42784309387207, 20.705080032348633, 21.079103469848633, 0.6928923726081848, 0.21341735124588013)
124	198 *** (21.58441925048828, 22.203445434570312, 21.372968673706055, 0.6929029822349548, 0.22189638018608093)
125	250 *** (17.334814071655273, 17.064109802246094, 16.934043884277344, 0.6929014921188354, 0.276614248752594)
Eval! ***  345.2191847922347
Networks Saved!
126	309 *** (17.271053314208984, 16.641435623168945, 17.013736724853516, 0.6929028034210205, 0.16789734363555908)
127	255 *** (15.898194313049316, 17.173498153686523, 16.791074752807617, 0.6919575929641724, 0.2582297623157501)
128	231 *** (19.75312614440918, 19.753339767456055, 17.851999282836914, 0.692476749420166, 0.17727595567703247)
129	176 *** (13.23511791229248, 13.412793159484863, 14.273209571838379, 0.6927371025085449, 0.16475951671600342)
130	275 *** (17.062519073486328, 18.56995964050293, 18.689992904663086, 0.6929779052734375, 0.2121799737215042)
131	256 *** (17.19251251220703, 16.851625442504883, 16.28199005126953, 0.6928837299346924, 0.16958768665790558)
132	308 *** (18.60796546936035, 18.824935913085938, 18.099687576293945, 0.692595362663269, 0.25634482502937317)
133	309 *** (16.320171356201172, 16.20532989501953, 15.94306468963623, 0.6927182674407959, 0.19189795851707458)
134	247 *** (16.934232711791992, 16.551666259765625, 15.966694831848145, -inf, 0.19303841888904572)
135	270 *** (17.09454345703125, 16.051698684692383, 16.77402114868164, 0.6804079413414001, 0.13200929760932922)
136	218 *** (16.444778442382812, 16.638547897338867, 16.762060165405273, -inf, 0.13425911962985992)
137	265 *** (18.82384490966797, 18.559406280517578, 19.175329208374023, 0.6916091442108154, 0.16822680830955505)
138	257 *** (20.88411521911621, 22.305953979492188, 20.24684715270996, -inf, 0.21841007471084595)
139	204 *** (23.5598087310791, 23.210969924926758, 21.535945892333984, 0.6929521560668945, 0.28510040044784546)
140	268 *** (20.069881439208984, 18.590925216674805, 19.359277725219727, 0.6923143863677979, 0.20610226690769196)
141	266 *** (21.332035064697266, 21.228334426879883, 21.035236358642578, 0.6925090551376343, 0.20158164203166962)
142	335 *** (18.205583572387695, 18.01808738708496, 17.761388778686523, 0.6921696066856384, 0.22574791312217712)
143	412 *** (16.60359764099121, 16.70407485961914, 16.190210342407227, 0.692622721195221, 0.22335925698280334)
144	320 *** (22.011455535888672, 20.801694869995117, 22.148347854614258, 0.6929062008857727, 0.1867811381816864)
145	293 *** (19.765060424804688, 21.264747619628906, 20.055458068847656, 0.6929500102996826, 0.18646015226840973)
146	402 *** (18.637985229492188, 18.022071838378906, 18.5999755859375, 0.6928845047950745, 0.25939512252807617)
147	256 *** (17.87639045715332, 18.694183349609375, 18.521717071533203, 0.6929858922958374, 0.1957055926322937)
148	332 *** (22.16695785522461, 21.075448989868164, 20.230226516723633, 0.692181408405304, 0.22242292761802673)
149	257 *** (22.601438522338867, 22.967721939086914, 23.799631118774414, -inf, 0.1916080117225647)
150	299 *** (17.6707763671875, 17.685619354248047, 18.056699752807617, 0.6928868293762207, 0.24908509850502014)
Eval! ***  354.792734003715
Networks Saved!
151	326 *** (18.277164459228516, 17.704437255859375, 18.496376037597656, 0.6927917003631592, 0.19814562797546387)
152	293 *** (18.044050216674805, 17.62059783935547, 17.611421585083008, 0.692895770072937, 0.24015073478221893)
153	465 *** (20.69905662536621, 19.489784240722656, 20.320743560791016, 0.6923030614852905, 0.22851812839508057)
154	269 *** (27.96174430847168, 25.482181549072266, 28.00771713256836, 0.6928282976150513, 0.3166801333427429)
155	206 *** (18.244979858398438, 19.26015281677246, 19.162946701049805, 0.6928147077560425, 0.23134244978427887)
156	277 *** (17.55266761779785, 16.570022583007812, 16.936203002929688, 0.6929000616073608, 0.22015038132667542)
157	268 *** (24.95638084411621, 22.206275939941406, 25.845563888549805, 0.6929351091384888, 0.22189581394195557)
158	344 *** (17.667423248291016, 17.754676818847656, 17.85478401184082, 0.6927965879440308, 0.20645061135292053)
159	317 *** (19.246152877807617, 20.207780838012695, 20.097562789916992, 0.6926853060722351, 0.19274961948394775)
160	216 *** (16.357593536376953, 16.41171646118164, 16.822816848754883, 0.692977786064148, 0.21494565904140472)
161	505 *** (20.348464965820312, 21.079256057739258, 19.662492752075195, 0.6928538084030151, 0.2220824509859085)
162	275 *** (18.926658630371094, 18.9852294921875, 19.430513381958008, 0.6927455067634583, 0.1983855664730072)
163	401 *** (21.587589263916016, 20.255735397338867, 20.235021591186523, 0.6927733421325684, 0.16409242153167725)
164	242 *** (20.65779685974121, 19.963359832763672, 19.545612335205078, 0.6908442974090576, 0.3091362714767456)
165	271 *** (24.566728591918945, 23.64010238647461, 23.54956817626953, -inf, 0.24831852316856384)
166	375 *** (15.029139518737793, 14.664891242980957, 14.456069946289062, 0.6922261714935303, 0.2509533762931824)
167	420 *** (17.255516052246094, 17.403385162353516, 16.5313720703125, 0.6924262046813965, 0.21205204725265503)
168	301 *** (18.995607376098633, 18.48383903503418, 19.066036224365234, 0.6925925016403198, 0.2332860827445984)
169	303 *** (18.75383758544922, 18.4537296295166, 19.19938087463379, 0.6930402517318726, 0.1995970606803894)
170	294 *** (19.507862091064453, 19.389076232910156, 19.370691299438477, 0.6929094791412354, 0.20936468243598938)
171	335 *** (21.35038948059082, 21.32578468322754, 21.232168197631836, 0.6925608515739441, 0.22062508761882782)
172	295 *** (23.998016357421875, 25.47269058227539, 24.09702491760254, 0.6929485201835632, 0.31223344802856445)
173	425 *** (25.105607986450195, 24.58540153503418, 24.87726402282715, 0.6924078464508057, 0.22571060061454773)
174	278 *** (18.21986198425293, 17.3472900390625, 18.11296272277832, 0.6929112076759338, 0.23270833492279053)
175	375 *** (27.651704788208008, 29.74275779724121, 26.63245964050293, 0.6926670074462891, 0.27787458896636963)
Eval! ***  248.84604322413895
Networks Saved!
176	279 *** (20.01613426208496, 19.38167953491211, 20.338905334472656, 0.6925415992736816, 0.2104804515838623)
177	376 *** (27.360933303833008, 25.364458084106445, 26.01291275024414, 0.6930068135261536, 0.2580483555793762)
178	389 *** (29.708030700683594, 32.14470291137695, 31.351613998413086, 0.6929523348808289, 0.23588863015174866)
179	407 *** (24.486066818237305, 24.555768966674805, 24.353979110717773, 0.6925978660583496, 0.20189258456230164)
180	381 *** (15.015893936157227, 14.735523223876953, 14.603917121887207, 0.6920156478881836, 0.24573969841003418)
181	507 *** (28.777572631835938, 27.057117462158203, 28.40439224243164, 0.6919006109237671, 0.2263757288455963)
182	379 *** (24.142663955688477, 22.488719940185547, 23.98627471923828, 0.6927423477172852, 0.22362622618675232)
183	442 *** (25.586687088012695, 23.75661849975586, 25.454965591430664, 0.6927585005760193, 0.3096717596054077)
184	343 *** (21.70274543762207, 22.81886863708496, 20.72060775756836, 0.6927281618118286, 0.26344168186187744)
185	300 *** (26.52726936340332, 26.852237701416016, 25.576549530029297, 0.6924440264701843, 0.24097049236297607)
186	387 *** (19.993755340576172, 20.832754135131836, 20.6116943359375, 0.6927965879440308, 0.18315470218658447)
187	428 *** (24.85809898376465, 26.363021850585938, 25.89853858947754, 0.6923313140869141, 0.22104407846927643)
188	426 *** (26.731090545654297, 27.39401626586914, 28.757415771484375, 0.6927227973937988, 0.22009122371673584)
189	356 *** (31.685688018798828, 30.268844604492188, 32.09128189086914, -inf, 0.23070424795150757)
190	419 *** (25.883913040161133, 25.316186904907227, 26.50242042541504, 0.6926059722900391, 0.2732008099555969)
191	266 *** (25.979867935180664, 25.59479522705078, 27.648752212524414, 0.6925065517425537, 0.22588855028152466)
192	328 *** (36.8902702331543, 37.82655715942383, 38.769317626953125, 0.6922311186790466, 0.24939292669296265)
193	386 *** (26.808076858520508, 25.769990921020508, 25.783058166503906, -inf, 0.2150738537311554)
194	250 *** (28.298511505126953, 27.331523895263672, 28.18917465209961, 0.6925508379936218, 0.2288389950990677)
195	354 *** (35.143402099609375, 33.105587005615234, 33.77996826171875, 0.6929092407226562, 0.2804216146469116)
196	483 *** (34.92498779296875, 35.687137603759766, 38.725791931152344, 0.6911841630935669, 0.28035998344421387)
197	262 *** (32.97938537597656, 31.438615798950195, 33.10737609863281, 0.6929126381874084, 0.2247999757528305)
198	383 *** (27.025083541870117, 25.940231323242188, 27.137807846069336, 0.6923617720603943, 0.25294923782348633)
199	425 *** (29.987241744995117, 26.93378448486328, 28.729644775390625, 0.6925048828125, 0.21438603103160858)
200	375 *** (28.025476455688477, 26.61125373840332, 26.81660270690918, 0.6915305852890015, 0.24913451075553894)
Eval! ***  342.95862410166285
Networks Saved!
201	166 *** (32.93162155151367, 34.455787658691406, 33.033878326416016, 0.6927096843719482, 0.21291819214820862)
202	291 *** (27.04115104675293, 25.565227508544922, 26.587793350219727, 0.678466796875, 0.23034946620464325)
203	291 *** (38.506587982177734, 40.32049560546875, 38.30773162841797, 0.6928038001060486, 0.2861325144767761)
204	278 *** (27.322790145874023, 27.607810974121094, 27.357717514038086, 0.6927775144577026, 0.29808664321899414)
205	423 *** (40.770347595214844, 39.625118255615234, 39.81277847290039, 0.6908888816833496, 0.3133631944656372)
206	312 *** (30.73663330078125, 29.412145614624023, 29.530305862426758, 0.6837389469146729, 0.2413729429244995)
207	410 *** (26.68819236755371, 27.507335662841797, 27.40909194946289, 0.6925522089004517, 0.24546155333518982)
208	519 *** (22.33418846130371, 22.0762882232666, 22.521167755126953, -inf, 0.23121938109397888)
209	421 *** (21.640180587768555, 21.151203155517578, 21.41615867614746, 0.6918368339538574, 0.17167098820209503)
210	339 *** (29.534290313720703, 29.94384002685547, 29.297054290771484, 0.692333459854126, 0.3050307631492615)
211	459 *** (16.26888656616211, 16.268238067626953, 16.851146697998047, 0.6905498504638672, 0.2157631814479828)
212	369 *** (37.897972106933594, 39.68392562866211, 39.216670989990234, 0.6920539140701294, 0.3210445046424866)
213	451 *** (41.55560302734375, 41.952327728271484, 41.709144592285156, 0.6925451755523682, 0.2760288119316101)
214	370 *** (20.411026000976562, 21.180341720581055, 21.23122215270996, 0.6920512914657593, 0.200356587767601)
215	386 *** (39.94805145263672, 40.142147064208984, 40.35525131225586, 0.6924599409103394, 0.3305525481700897)
216	400 *** (40.48519515991211, 41.73226547241211, 40.71412658691406, 0.6845732927322388, 0.30963391065597534)
217	375 *** (28.20353126525879, 30.245880126953125, 28.475011825561523, 0.6926248669624329, 0.36734649538993835)
218	540 *** (32.44762420654297, 32.270469665527344, 32.02083969116211, 0.6916749477386475, 0.23545537889003754)
219	595 *** (40.839935302734375, 40.60544204711914, 38.7072868347168, 0.6923403739929199, 0.2565208077430725)
220	569 *** (22.280309677124023, 22.58685874938965, 21.767730712890625, -inf, 0.22619014978408813)
221	416 *** (31.723644256591797, 32.04074478149414, 30.07691192626953, 0.6893868446350098, 0.3158053755760193)
222	572 *** (22.515033721923828, 21.114444732666016, 20.44215965270996, 0.6913598775863647, 0.28534451127052307)
223	321 *** (35.011837005615234, 36.444488525390625, 34.121822357177734, 0.6764615774154663, 0.22358180582523346)
224	480 *** (33.66573715209961, 32.85642623901367, 33.51569747924805, 0.6921062469482422, 0.28769177198410034)
225	485 *** (43.90789794921875, 42.95384216308594, 44.401641845703125, 0.6901466846466064, 0.27414843440055847)
Eval! ***  482.22318438792337
Networks Saved!
226	531 *** (37.69247817993164, 38.04448699951172, 35.77936935424805, 0.6923032999038696, 0.29259610176086426)
227	630 *** (25.68082046508789, 28.430696487426758, 24.614330291748047, 0.6904639005661011, 0.29938647150993347)
228	602 *** (48.31930923461914, 45.427947998046875, 47.55195617675781, 0.6922634243965149, 0.2641693353652954)
229	612 *** (40.77397537231445, 40.41376876831055, 41.960487365722656, 0.6891577839851379, 0.2858884334564209)
230	642 *** (28.324251174926758, 27.888118743896484, 28.218355178833008, 0.6929751634597778, 0.25197067856788635)
231	648 *** (40.86066436767578, 40.79927444458008, 41.45332336425781, 0.6921899318695068, 0.3013997972011566)
232	612 *** (52.89816665649414, 54.22792434692383, 51.63569641113281, 0.6884556412696838, 0.30748987197875977)
233	492 *** (55.37406539916992, 53.10172653198242, 55.613555908203125, 0.6913254261016846, 0.3109394311904907)
234	606 *** (44.65453338623047, 44.28275680541992, 46.757694244384766, 0.6919872164726257, 0.2439698874950409)
235	247 *** (50.74100875854492, 51.23085403442383, 52.330318450927734, 0.6924442052841187, 0.3648412227630615)
236	462 *** (44.148223876953125, 44.32453155517578, 44.212005615234375, 0.6925208568572998, 0.35126855969429016)
237	653 *** (46.43415069580078, 46.19181823730469, 47.24210739135742, 0.6923471093177795, 0.28128084540367126)
238	505 *** (48.2775993347168, 49.255374908447266, 49.3632698059082, 0.6898066997528076, 0.2942265272140503)
239	530 *** (45.21784591674805, 45.5590934753418, 44.567848205566406, 0.6916639804840088, 0.2569628655910492)
240	557 *** (54.97429275512695, 57.137725830078125, 54.83324432373047, 0.6914998888969421, 0.30076873302459717)
241	608 *** (43.76409149169922, 43.78746032714844, 44.302879333496094, 0.6916093826293945, 0.2738652229309082)
242	650 *** (53.347530364990234, 56.711788177490234, 55.467811584472656, 0.6916012763977051, 0.3372706174850464)
243	658 *** (35.01094055175781, 36.77756881713867, 36.65114974975586, 0.6881000995635986, 0.3389074206352234)
244	326 *** (46.58197784423828, 48.77299499511719, 49.36930465698242, 0.6927288770675659, 0.28131210803985596)
245	648 *** (32.43256378173828, 34.06208801269531, 33.1511344909668, 0.6921142339706421, 0.18324469029903412)
246	391 *** (49.861087799072266, 48.47993469238281, 49.78264236450195, -inf, 0.2468700110912323)
247	534 *** (57.760032653808594, 58.62004089355469, 58.43547821044922, -inf, 0.32275456190109253)
248	287 *** (63.280948638916016, 63.22520065307617, 60.90566635131836, -inf, 0.3702237010002136)
249	596 *** (60.7424201965332, 61.972774505615234, 61.302276611328125, 0.6891387701034546, 0.2985078692436218)
250	559 *** (46.15408706665039, 45.48393630981445, 46.355079650878906, 0.6870560050010681, 0.3455842137336731)
Eval! ***  571.2319128795672
Networks Saved!
251	552 *** (64.11485290527344, 64.21082305908203, 64.77494049072266, -inf, 0.35720354318618774)
252	655 *** (51.210594177246094, 52.809452056884766, 57.054710388183594, 0.6922045946121216, 0.3473985195159912)
253	388 *** (66.69058990478516, 67.25458526611328, 66.72054290771484, 0.6904193162918091, 0.37665605545043945)
254	426 *** (56.29298400878906, 54.82902526855469, 54.16344451904297, 0.691743016242981, 0.3736369013786316)
255	633 *** (63.37920379638672, 62.75324630737305, 63.190792083740234, 0.6913053393363953, 0.3385380506515503)
256	591 *** (67.9764633178711, 69.16039276123047, 66.7728042602539, 0.6920046806335449, 0.3064243793487549)
257	650 *** (53.68082046508789, 55.16669464111328, 55.26409912109375, 0.6889410018920898, 0.3104790449142456)
258	662 *** (69.0992660522461, 70.07069396972656, 69.05732727050781, 0.6920740604400635, 0.30458158254623413)
259	661 *** (70.41323852539062, 67.27053833007812, 69.87163543701172, 0.6858488321304321, 0.3931407630443573)
260	665 *** (71.1653823852539, 70.83674621582031, 71.03453063964844, -inf, 0.3264644145965576)
261	372 *** (69.0272445678711, 68.17279815673828, 68.97576141357422, 0.6925002336502075, 0.3144773244857788)
262	529 *** (76.158935546875, 76.19293212890625, 73.97734832763672, 0.6905907392501831, 0.2996155023574829)
263	396 *** (68.5455322265625, 71.0616455078125, 71.60529327392578, 0.6924182772636414, 0.31567370891571045)
264	677 *** (74.50748443603516, 74.90457153320312, 74.60967254638672, 0.6751323938369751, 0.2891555428504944)
265	654 *** (61.84513854980469, 61.65740966796875, 59.95258331298828, 0.6891516447067261, 0.3397139608860016)
266	673 *** (78.31851196289062, 80.62065887451172, 79.77674102783203, 0.6912230253219604, 0.3191394805908203)
267	629 *** (76.5886001586914, 76.79080200195312, 77.27595520019531, 0.6928133368492126, 0.3677663505077362)
268	541 *** (84.51171875, 84.6971206665039, 83.58712005615234, 0.6891194581985474, 0.41120147705078125)
269	649 *** (68.93335723876953, 69.41145324707031, 68.88075256347656, 0.6895278096199036, 0.32926905155181885)
270	659 *** (73.8156967163086, 72.94026184082031, 74.6568832397461, -inf, 0.3626987338066101)
271	485 *** (80.83666229248047, 79.50908660888672, 82.3573989868164, 0.6906055212020874, 0.30302193760871887)
272	591 *** (72.5528564453125, 71.45614624023438, 75.52055358886719, 0.6920362710952759, 0.45442715287208557)
273	408 *** (81.6664047241211, 83.80530548095703, 82.8639907836914, 0.6928334832191467, 0.3593396544456482)
274	410 *** (78.13117218017578, 76.66699981689453, 78.28386688232422, 0.6811103820800781, 0.3235017657279968)
275	208 *** (85.66785430908203, 83.8136215209961, 84.27955627441406, 0.6921289563179016, 0.3115449547767639)
Eval! ***  607.745526537478
Networks Saved!
276	609 *** (90.01704406738281, 92.12825775146484, 86.560546875, 0.6913930773735046, 0.33209356665611267)
277	404 *** (86.2865982055664, 84.82266235351562, 87.65945434570312, 0.6842309236526489, 0.3633529245853424)
278	654 *** (81.7356185913086, 84.74468231201172, 82.51335144042969, 0.6926417350769043, 0.4896880090236664)
279	545 *** (88.51020050048828, 89.77924346923828, 87.85013580322266, 0.6880316734313965, 0.4279407858848572)
280	680 *** (88.49644470214844, 89.40441131591797, 86.07015228271484, -inf, 0.2873114347457886)
281	587 *** (93.27880096435547, 91.58168029785156, 88.57418823242188, 0.685670018196106, 0.37664586305618286)
282	622 *** (90.66755676269531, 93.56928253173828, 92.11578369140625, 0.6890753507614136, 0.3760136067867279)
283	674 *** (85.53060150146484, 85.33766174316406, 83.63893127441406, 0.6686304807662964, 0.33221200108528137)
284	646 *** (98.32960510253906, 93.93384552001953, 95.33316040039062, 0.6908185482025146, 0.40623605251312256)
285	676 *** (92.40298461914062, 91.97789764404297, 94.24405670166016, 0.6925007700920105, 0.38496455550193787)
286	208 *** (94.9767837524414, 94.35938262939453, 92.5561752319336, 0.6917442083358765, 0.3795342445373535)
287	619 *** (90.18265533447266, 90.09282684326172, 90.22618103027344, 0.6928225159645081, 0.4006415009498596)
288	463 *** (99.28601837158203, 102.95703125, 101.94110107421875, 0.6915635466575623, 0.45650017261505127)
289	593 *** (103.2698745727539, 103.07674407958984, 101.9449234008789, 0.6842589378356934, 0.3858601450920105)
290	558 *** (77.94158935546875, 77.21214294433594, 79.66859436035156, 0.6914242506027222, 0.38269710540771484)
291	667 *** (68.32923889160156, 73.29701232910156, 71.33760070800781, 0.6904335618019104, 0.35509222745895386)
292	470 *** (104.2212142944336, 104.43257904052734, 104.30068969726562, 0.6918095350265503, 0.37693166732788086)
293	642 *** (100.4281005859375, 99.90386962890625, 97.7857666015625, -inf, 0.3554397225379944)
294	486 *** (108.45043182373047, 107.96484375, 108.45640563964844, -inf, 0.3687298893928528)
295	624 *** (103.89405059814453, 103.76921081542969, 104.3997573852539, 0.6922491788864136, 0.4264523983001709)
296	670 *** (76.22068786621094, 73.49425506591797, 75.14122772216797, 0.691502571105957, 0.4047287404537201)
297	675 *** (107.52153015136719, 106.62984466552734, 106.92273712158203, 0.688913881778717, 0.40082910656929016)
298	615 *** (109.26356506347656, 107.85270690917969, 108.66389465332031, -inf, 0.3609681725502014)
299	609 *** (105.16091918945312, 103.37300109863281, 102.82195281982422, -inf, 0.4069414734840393)
300	678 *** (100.39033508300781, 99.96802520751953, 98.62342071533203, 0.6918907761573792, 0.36289799213409424)
Eval! ***  645.2464575437375
Networks Saved!
301	465 *** (110.45914459228516, 113.60037231445312, 110.24740600585938, 0.6918851137161255, 0.4076845645904541)
302	679 *** (110.58186340332031, 110.38321685791016, 111.71598052978516, 0.6915354132652283, 0.40089765191078186)
303	313 *** (107.81587219238281, 108.14134216308594, 110.0934066772461, 0.6769384145736694, 0.3962704539299011)
304	647 *** (111.09178161621094, 113.73856353759766, 111.82112121582031, -inf, 0.36593377590179443)
305	493 *** (112.58134460449219, 114.36201477050781, 113.10098266601562, -inf, 0.38596153259277344)
306	684 *** (115.14169311523438, 117.61161804199219, 116.46538543701172, -inf, 0.47637760639190674)
307	641 *** (100.25804138183594, 93.7092056274414, 97.11388397216797, -inf, 0.3190956115722656)
308	666 *** (118.48078918457031, 114.86929321289062, 113.67475128173828, 0.674526035785675, 0.3473776578903198)
309	667 *** (118.0154037475586, 119.12101745605469, 115.38713836669922, -inf, 0.5124777555465698)
310	396 *** (110.40060424804688, 109.94345092773438, 109.67211151123047, 0.6927468776702881, 0.5245499610900879)
311	561 *** (105.0435791015625, 102.93848419189453, 103.65821075439453, 0.6911550164222717, 0.3565753102302551)
312	532 *** (82.76739501953125, 83.86322784423828, 82.9053726196289, 0.692589282989502, 0.3412402868270874)
313	670 *** (104.47455596923828, 105.44679260253906, 105.41121673583984, 0.6885625720024109, 0.4225309491157532)
314	663 *** (110.8083724975586, 111.6135025024414, 106.92720031738281, -inf, 0.28927141427993774)
315	676 *** (117.79198455810547, 119.97171783447266, 118.52688598632812, 0.6828972697257996, 0.4230789244174957)
316	495 *** (113.9271469116211, 115.39852905273438, 111.70439147949219, -inf, 0.44599705934524536)
317	636 *** (122.29098510742188, 122.05586242675781, 122.84043884277344, -inf, 0.4328104257583618)
318	661 *** (110.16740417480469, 110.14575958251953, 111.1396255493164, 0.6820660829544067, 0.41243404150009155)
319	677 *** (114.25281524658203, 115.66783905029297, 114.05168914794922, -inf, 0.4496752619743347)
320	299 *** (128.56236267089844, 127.41022491455078, 125.14274597167969, 0.6926771402359009, 0.4352821111679077)
321	586 *** (120.1204605102539, 118.43220520019531, 120.31072235107422, 0.6872353553771973, 0.4900192320346832)
322	635 *** (119.6593017578125, 121.05322265625, 125.06785583496094, -inf, 0.4897621273994446)
323	673 *** (113.42697143554688, 111.22212219238281, 114.72893524169922, 0.690106987953186, 0.4325645864009857)
324	652 *** (114.18505859375, 115.38470458984375, 118.44084930419922, 0.6898645758628845, 0.48474860191345215)
325	639 *** (124.55758666992188, 124.8311538696289, 126.88982391357422, 0.6919838786125183, 0.4584188163280487)
Eval! ***  537.12220489604
Networks Saved!
326	525 *** (129.88987731933594, 128.93560791015625, 125.56619262695312, 0.6912715435028076, 0.4900588393211365)
327	665 *** (124.10015106201172, 123.58241271972656, 124.62885284423828, -inf, 0.47100287675857544)
328	670 *** (130.99862670898438, 128.36358642578125, 128.88377380371094, 0.6582549810409546, 0.43087416887283325)
329	613 *** (117.42471313476562, 114.30741882324219, 118.42394256591797, -inf, 0.48303911089897156)
330	657 *** (136.57183837890625, 136.01300048828125, 138.8490447998047, -inf, 0.34842032194137573)
331	653 *** (127.94573211669922, 129.2713623046875, 129.35655212402344, 0.6913206577301025, 0.4086202383041382)
332	674 *** (129.8191680908203, 130.68280029296875, 132.95338439941406, 0.6788257956504822, 0.413044273853302)
333	660 *** (136.7693328857422, 137.68466186523438, 137.24549865722656, 0.69252610206604, 0.5381303429603577)
334	531 *** (132.30950927734375, 130.3050079345703, 134.0419464111328, 0.6893929839134216, 0.5167287588119507)
335	546 *** (137.83441162109375, 135.72889709472656, 139.03387451171875, -inf, 0.42977818846702576)
336	570 *** (129.94659423828125, 135.2095947265625, 135.69776916503906, 0.687842071056366, 0.5154379606246948)
337	536 *** (121.54153442382812, 121.52533721923828, 121.72128295898438, -inf, 0.38741958141326904)
338	547 *** (140.37527465820312, 139.76318359375, 139.8561553955078, 0.6894344091415405, 0.3966563642024994)
339	668 *** (134.09942626953125, 135.0556182861328, 133.04071044921875, 0.6911763548851013, 0.5004490613937378)
340	662 *** (140.21957397460938, 139.88037109375, 140.14613342285156, 0.6922547221183777, 0.5268365144729614)
341	596 *** (138.70452880859375, 140.98928833007812, 142.4182891845703, 0.6921869516372681, 0.5485731363296509)
342	630 *** (134.6654510498047, 138.3386688232422, 137.04701232910156, 0.6886740326881409, 0.5170515775680542)
343	260 *** (138.59945678710938, 140.44772338867188, 140.95692443847656, -inf, 0.42686033248901367)
344	563 *** (142.76663208007812, 144.13375854492188, 141.19290161132812, 0.6917941570281982, 0.4941690266132355)
345	638 *** (132.96022033691406, 135.8659210205078, 136.2859344482422, 0.6913744211196899, 0.4275759756565094)
346	647 *** (146.10838317871094, 146.7385711669922, 146.33926391601562, -inf, 0.5209685564041138)
347	657 *** (142.7047119140625, 143.1408233642578, 139.65980529785156, -inf, 0.5447363257408142)
348	662 *** (145.0124969482422, 144.09353637695312, 143.8272247314453, -inf, 0.5240272879600525)
349	676 *** (147.68984985351562, 145.28968811035156, 145.4706268310547, -inf, 0.48355719447135925)
350	531 *** (130.38136291503906, 133.23146057128906, 134.30130004882812, -inf, 0.49835914373397827)
Eval! ***  651.7323571681409
Networks Saved!
351	661 *** (135.64735412597656, 136.5264892578125, 138.1809539794922, 0.6907457113265991, 0.3627449572086334)
352	588 *** (147.377197265625, 149.57421875, 150.7206573486328, 0.6797313690185547, 0.49126601219177246)
353	651 *** (140.45640563964844, 136.2039794921875, 138.3311004638672, -inf, 0.5087524056434631)
354	649 *** (154.81353759765625, 147.8570556640625, 148.83544921875, 0.6756798028945923, 0.4186314046382904)
355	660 *** (141.63558959960938, 139.0006103515625, 142.81954956054688, 0.6870825290679932, 0.4516497850418091)
356	648 *** (120.13998413085938, 118.32926940917969, 123.44065856933594, 0.6919032335281372, 0.5342943668365479)
357	661 *** (137.67599487304688, 141.449462890625, 142.6547088623047, -inf, 0.5142813324928284)
358	661 *** (147.03848266601562, 143.96780395507812, 143.59457397460938, 0.6698319911956787, 0.5235227346420288)
359	653 *** (137.8529815673828, 137.44483947753906, 137.76231384277344, -inf, 0.5900410413742065)
360	657 *** (150.9534454345703, 152.80429077148438, 150.7797088623047, -inf, 0.5348195433616638)
361	641 *** (147.4233856201172, 149.05978393554688, 144.09437561035156, 0.6898288726806641, 0.4812868535518646)
362	606 *** (149.4005889892578, 150.09561157226562, 151.2565460205078, 0.6927573680877686, 0.5459474325180054)
363	659 *** (143.28086853027344, 145.27655029296875, 146.9151153564453, 0.6768996715545654, 0.4531433582305908)
364	653 *** (144.73504638671875, 148.51962280273438, 152.30838012695312, 0.6885850429534912, 0.5941765904426575)
365	683 *** (151.1103057861328, 150.42694091796875, 151.42955017089844, 0.6716449856758118, 0.5532312989234924)
366	658 *** (147.75790405273438, 144.26348876953125, 144.8998565673828, 0.684887170791626, 0.45265451073646545)
367	663 *** (155.0152587890625, 155.75704956054688, 159.0940399169922, 0.6861515045166016, 0.5358285903930664)
368	635 *** (155.80471801757812, 153.32598876953125, 153.42625427246094, 0.6826808452606201, 0.5586203932762146)
369	653 *** (133.58912658691406, 131.68368530273438, 132.03118896484375, 0.687809944152832, 0.38608813285827637)
370	649 *** (153.044921875, 148.9722900390625, 151.3436737060547, 0.692369818687439, 0.5580427646636963)
371	635 *** (146.97164916992188, 150.14437866210938, 150.67776489257812, -inf, 0.4937073588371277)
372	622 *** (163.45643615722656, 160.8083038330078, 161.50262451171875, -inf, 0.5978498458862305)
373	684 *** (137.0923614501953, 135.60617065429688, 137.1031036376953, 0.6858720779418945, 0.5135363340377808)
374	605 *** (153.43069458007812, 150.98533630371094, 148.97557067871094, -inf, 0.5625059604644775)
375	634 *** (144.52418518066406, 141.40357971191406, 140.9639434814453, -inf, 0.49767959117889404)
Eval! ***  586.8319363713796
Networks Saved!
376	635 *** (145.4354248046875, 144.24560546875, 145.37765502929688, -inf, 0.5381656885147095)
377	382 *** (139.68487548828125, 143.14393615722656, 145.2806396484375, -inf, 0.5869203209877014)
378	596 *** (146.66470336914062, 148.13426208496094, 150.84017944335938, 0.6921626329421997, 0.5290018320083618)

